[38;2;23;49;64m[48;2;26;52;67m▀▀▀▀▀▀▀▀▀▀▀▀▀▀▀▀▀▀▀▀▀▀▀▀▀▀▀▀▀▀▀▀▀▀▀▀▀▀▀▀▀▀▀▀▀▀▀▀▀▀▀▀▀▀▀▀▀▀▀▀[0m
[38;2;28;55;69m[48;2;53;46;48m▀▀▀▀▀▀▀▀▀▀▀▀▀▀▀▀▀▀▀▀▀▀▀▀▀▀▀▀▀▀▀▀▀[38;2;28;55;69m[48;2;47;49;54m▀[38;2;28;55;69m[48;2;31;58;72m▀▀▀▀▀▀▀▀▀▀▀▀▀▀▀▀▀▀▀▀▀▀▀▀▀▀[0m
[38;2;104;47;33m[48;2;120;54;38m▛[38;2;98;45;32m[48;2;120;54;38m▀[38;2;100;45;32m[48;2;113;51;36m▀[38;2;96;43;31m[48;2;112;53;39m▀[38;2;100;45;33m[48;2;91;49;41m▀[38;2;96;43;31m[48;2;114;51;36m▀[38;2;98;44;32m[48;2;109;49;35m▀[38;2;94;42;30m[48;2;111;50;35m▀[38;2;98;44;32m[48;2;109;49;35m▛[38;2;93;42;30m[48;2;104;49;36m▀[38;2;95;43;31m[48;2;85;47;39m▀[38;2;90;40;29m[48;2;108;49;34m▀[38;2;93;42;30m[48;2;108;49;35m▛[38;2;90;41;29m[48;2;107;49;34m▀[38;2;93;42;30m[48;2;102;46;33m▛[38;2;102;46;32m[48;2;89;42;31m▖[38;2;91;41;29m[48;2;80;44;38m▀[38;2;88;40;29m[48;2;99;44;31m▀[38;2;90;40;29m[48;2;97;43;31m▛[38;2;86;39;28m[48;2;97;44;31m▀[38;2;88;40;28m[48;2;97;44;31m▛[38;2;88;39;28m[48;2;113;64;44m▛[38;2;86;39;28m[48;2;128;83;58m▀[38;2;82;37;27m[48;2;90;41;29m▘[38;2;82;37;26m[48;2;86;39;28m▖[38;2;83;38;27m[48;2;90;41;29m▀[38;2;78;35;25m[48;2;85;38;27m▖[38;2;83;38;27m[48;2;104;59;41m▛[38;2;82;37;27m[48;2;122;81;56m▀[38;2;77;35;25m[48;2;83;37;27m▘[38;2;75;33;24m[48;2;82;37;27m▖[38;2;83;38;27m[48;2;78;35;25m▖[38;2;73;33;23m[48;2;80;36;26m▖[38;2;50;51;56m[48;2;37;64;77m▀[38;2;34;61;75m[48;2;37;64;77m▀▀▀▀▀▀▀▀▀▀▀▀▀▀▀▀▀▀▀▀▀▀▀▀▀▀[0m
[38;2;121;54;38m[48;2;112;51;36m▛[38;2;109;49;35m[48;2;119;53;38m▝[38;2;110;52;39m[48;2;33;41;51m▛[38;2;40;47;55m[48;2;33;41;51m▀[38;2;36;47;57m[48;2;33;41;51m▀[38;2;62;47;48m[48;2;34;43;53m▝[38;2;114;52;36m[48;2;103;46;33m▛[38;2;103;47;33m[48;2;112;51;36m▝[38;2;104;49;37m[48;2;33;41;51m▛[38;2;40;46;55m[48;2;33;41;51m▀[38;2;36;47;57m[48;2;33;41;51m▀[38;2;58;45;46m[48;2;34;43;53m▝[38;2;104;47;33m[48;2;97;44;31m▛[38;2;97;44;31m[48;2;105;48;34m▝[38;2;95;45;34m[48;2;33;41;51m▛[38;2;39;46;55m[48;2;33;41;51m▀[38;2;36;47;57m[48;2;33;41;51m▀[38;2;55;43;45m[48;2;34;43;53m▝[38;2;99;45;32m[48;2;88;40;28m▛[38;2;86;38;27m[48;2;95;43;30m▝[38;2;108;57;40m[48;2;250;217;148m▛[38;2;229;196;137m[48;2;252;229;173m▘[38;2;252;227;170m[48;2;254;239;194m▀[38;2;187;150;102m[48;2;251;225;164m▝[38;2;89;40;28m[48;2;78;34;25m▛[38;2;79;35;25m[48;2;86;38;27m▝[38;2;101;54;38m[48;2;250;217;148m▛[38;2;228;196;137m[48;2;252;229;173m▘[38;2;252;227;170m[48;2;254;239;194m▀[38;2;184;148;101m[48;2;251;225;164m▝[38;2;82;37;26m[48;2;74;34;24m▛[38;2;73;33;23m[48;2;79;36;25m▝[38;2;77;34;24m[48;2;72;32;23m▛[38;2;39;67;80m[48;2;42;70;83m▀▀▀▀▀▀▀▀▀▀▀▀▀▀▀▀▀▀▀▀▀▀▀▀▀▀▀[0m
[38;2;111;50;35m[48;2;121;55;39m▘[38;2;110;50;35m[48;2;118;53;37m▖[38;2;30;36;45m[48;2;128;69;53m▝[38;2;30;36;45m[48;2;137;85;68m▀[38;2;30;36;45m[48;2;140;87;69m▀[38;2;30;36;45m[48;2;135;84;67m▀[38;2;126;69;52m[48;2;109;49;35m▖[38;2;103;47;33m[48;2;111;50;35m▖[38;2;30;36;45m[48;2;120;66;50m▝[38;2;30;36;45m[48;2;132;83;66m▀[38;2;30;36;45m[48;2;134;84;67m▀[38;2;30;36;45m[48;2;128;81;65m▀[38;2;118;65;50m[48;2;101;46;32m▖[38;2;104;47;33m[48;2;96;43;30m▀[38;2;30;36;45m[48;2;114;63;48m▝[38;2;30;36;45m[48;2;125;79;64m▀[38;2;30;36;45m[48;2;129;82;65m▀[38;2;30;36;45m[48;2;123;79;63m▀[38;2;111;61;47m[48;2;93;42;29m▖[38;2;87;39;28m[48;2;96;43;31m▖[38;2;249;215;143m[48;2;106;59;46m▝[38;2;252;227;169m[48;2;119;77;62m▀[38;2;253;234;184m[48;2;122;78;63m▀[38;2;251;223;161m[48;2;119;77;62m▀[38;2;104;58;45m[48;2;85;38;27m▖[38;2;80;36;26m[48;2;86;39;27m▖[38;2;249;215;143m[48;2;100;57;44m▝[38;2;252;227;169m[48;2;114;75;60m▀[38;2;253;234;184m[48;2;116;76;61m▀[38;2;251;223;161m[48;2;111;73;59m▀[38;2;95;54;42m[48;2;79;36;25m▖[38;2;72;32;23m[48;2;79;36;25m▖[38;2;71;32;23m[48;2;77;35;25m▘[38;2;45;73;85m[48;2;48;76;88m▀▀▀▀▀▀▀▀▀▀▀▀▀▀▀▀▀▀▀▀▀▀▀▀▀▀▀[0m
[38;2;97;45;32m[48;2;118;53;37m▀[38;2;119;54;38m[48;2;102;47;33m▖[38;2;97;45;32m[48;2;116;52;37m▀[38;2;118;54;38m[48;2;99;45;32m▖[38;2;95;44;31m[48;2;114;52;36m▀[38;2;114;52;36m[48;2;100;46;33m▖[38;2;96;44;32m[48;2;110;49;35m▀[38;2;111;50;35m[48;2;98;45;32m▖[38;2;94;43;31m[48;2;108;49;34m▀[38;2;108;48;34m[48;2;98;45;32m▖[38;2;94;43;31m[48;2;105;47;33m▀[38;2;106;48;34m[48;2;95;44;31m▖[38;2;94;43;31m[48;2;104;47;33m▀[38;2;102;46;32m[48;2;93;43;30m▖[38;2;93;43;31m[48;2;100;45;32m▀[38;2;95;44;31m[48;2;90;41;29m▛[38;2;91;42;30m[48;2;96;43;31m▝[38;2;97;43;31m[48;2;91;42;30m▖[38;2;89;41;29m[48;2;94;43;30m▝[38;2;93;42;30m[48;2;85;38;27m▛[38;2;92;43;30m[48;2;91;41;29m▘[38;2;92;42;30m[48;2;84;38;27m▛[38;2;88;40;29m[48;2;91;41;29m▝[38;2;91;42;30m[48;2;82;37;26m▛[38;2;15;17;21m[48;2;59;31;25m▌[38;2;71;35;27m[48;2;48;27;23m▀[38;2;71;35;27m[48;2;48;27;24m▀[38;2;71;35;27m[48;2;46;26;23m▀[38;2;70;35;27m[48;2;46;26;23m▀[38;2;70;35;27m[48;2;45;26;23m▀[38;2;68;34;26m[48;2;45;26;23m▀[38;2;69;35;27m[48;2;43;24;22m▀[38;2;56;29;24m[48;2;15;17;21m▌[38;2;50;79;90m[48;2;53;82;93m▀▀▀▀▀▀▀▀▀▀▀▀▀▀▀▀▀▀▀▀▀▀▀▀▀▀▀[0m
[38;2;110;50;35m[48;2;117;53;37m▖[38;2;109;49;35m[48;2;116;52;37m▘[38;2;114;51;36m[48;2;91;48;40m▛[38;2;105;49;36m[48;2;40;48;57m▀[38;2;93;50;42m[48;2;37;48;59m▀[38;2;108;49;34m[48;2;48;47;53m▀[38;2;101;46;32m[48;2;110;49;35m▖[38;2;101;46;32m[48;2;111;51;36m▘[38;2;103;46;33m[48;2;141;88;57m▛[38;2;111;56;38m[48;2;238;200;128m▀[38;2;141;87;56m[48;2;249;213;140m▀[38;2;101;46;32m[48;2;219;178;114m▀[38;2;93;42;29m[48;2;103;46;33m▖[38;2;92;41;29m[48;2;100;45;32m▘[38;2;98;44;31m[48;2;83;45;38m▛[38;2;89;42;31m[48;2;39;47;56m▀[38;2;82;45;38m[48;2;37;48;59m▀[38;2;92;41;29m[48;2;46;46;52m▀[38;2;88;40;28m[48;2;94;42;30m▖[38;2;89;41;29m[48;2;93;42;30m▘[38;2;88;39;28m[48;2;78;43;36m▛[38;2;84;40;30m[48;2;39;47;56m▀[38;2;74;41;36m[48;2;37;48;59m▀[38;2;85;38;27m[48;2;45;46;52m▀[38;2;79;36;25m[48;2;87;39;28m▖[38;2;76;34;24m[48;2;85;39;27m▘[38;2;82;37;26m[48;2;70;39;34m▛[38;2;77;37;28m[48;2;38;47;56m▀[38;2;68;39;34m[48;2;37;48;59m▀[38;2;76;34;24m[48;2;43;45;52m▀[38;2;74;34;24m[48;2;36;23;22m▛[38;2;37;23;22m[48;2;66;31;23m▞[38;2;39;24;23m[48;2;75;34;24m▘[38;2;56;84;96m[48;2;58;87;98m▀▀▀▀▀▀▀▀▀▀▀▀▀▀▀▀▀▀▀▀▀▀▀▀▀▀▀[0m
[38;2;118;53;38m[48;2;106;48;34m▛[38;2;106;48;34m[48;2;116;52;37m▝[38;2;116;52;37m[48;2;34;43;52m▌[38;2;35;44;54m[48;2;32;41;50m▀▀▀[38;2;110;50;35m[48;2;100;45;32m▛[38;2;98;44;31m[48;2;108;48;34m▝[38;2;106;48;34m[48;2;249;215;143m▌[38;2;251;224;163m[48;2;254;235;187m▛[38;2;252;229;173m[48;2;255;239;194m▀[38;2;253;231;178m[48;2;250;220;155m▖[38;2;102;46;32m[48;2;94;43;30m▛[38;2;91;41;29m[48;2;99;45;32m▝[38;2;101;46;32m[48;2;34;43;52m▌[38;2;35;44;54m[48;2;32;41;50m▀▀▀[38;2;93;42;30m[48;2;86;39;27m▛[38;2;86;39;28m[48;2;95;43;30m▝[38;2;91;41;29m[48;2;34;43;52m▌[38;2;35;44;54m[48;2;32;41;50m▀▀▀[38;2;86;39;27m[48;2;76;34;24m▛[38;2;77;35;25m[48;2;85;39;27m▝[38;2;83;37;26m[48;2;34;43;52m▌[38;2;35;44;54m[48;2;32;41;50m▀[38;2;33;42;52m[48;2;22;26;32m▛[38;2;22;27;33m[48;2;31;39;48m▞[38;2;42;25;23m[48;2;74;34;24m▘[38;2;71;32;23m[48;2;78;35;25m▝[38;2;75;34;24m[48;2;67;30;21m▛[38;2;61;90;101m[48;2;64;93;104m▀▀▀▀▀▀▀▀▀▀▀▀▀▀▀▀▀▀▀▀▀▀▀▀▀▀▀[0m
[38;2;106;48;34m[48;2;116;52;37m▘[38;2;106;48;34m[48;2;115;52;37m▖[38;2;30;37;46m[48;2;107;63;52m▝[38;2;30;37;46m[48;2;93;76;70m▀[38;2;30;37;46m[48;2;95;77;71m▀[38;2;30;37;46m[48;2;91;75;70m▀[38;2;120;66;50m[48;2;106;48;34m▖[38;2;97;43;31m[48;2;107;48;34m▖[38;2;107;54;40m[48;2;226;189;128m▌[38;2;252;226;167m[48;2;201;166;122m▀[38;2;253;232;181m[48;2;202;168;126m▀[38;2;251;222;159m[48;2;201;165;119m▀[38;2;113;63;48m[48;2;97;44;31m▖[38;2;92;42;29m[48;2;100;45;32m▖[38;2;30;37;46m[48;2;96;58;48m▝[38;2;30;37;46m[48;2;88;73;69m▀[38;2;30;37;46m[48;2;91;75;70m▀[38;2;30;37;46m[48;2;89;74;69m▀[38;2;106;60;46m[48;2;90;40;28m▖[38;2;85;38;27m[48;2;93;42;30m▖[38;2;30;37;46m[48;2;92;57;47m▝[38;2;30;37;46m[48;2;86;73;68m▀[38;2;30;37;46m[48;2;88;74;69m▀[38;2;30;37;46m[48;2;86;73;68m▀[38;2;98;56;43m[48;2;83;38;27m▖[38;2;75;34;24m[48;2;85;39;27m▖[38;2;82;43;33m[48;2;25;30;37m▌[38;2;35;34;38m[48;2;84;71;65m▛[38;2;24;29;36m[48;2;86;73;68m▀[38;2;30;37;46m[48;2;84;72;67m▀[38;2;92;53;41m[48;2;75;34;24m▖[38;2;69;31;22m[48;2;74;33;24m▖[38;2;67;30;21m[48;2;74;34;24m▘[38;2;67;96;106m[48;2;69;99;109m▀▀▀▀▀▀▀▀▀▀▀▀▀▀▀▀▀▀▀▀[38;2;65;93;103m[48;2;42;47;58m▛[38;2;67;96;106m[48;2;69;99;109m▀▀▀▀▀▀[0m
[38;2;106;48;34m[48;2;114;51;36m▝[38;2;116;52;37m[48;2;105;47;33m▛[38;2;103;46;33m[48;2;114;51;36m▝[38;2;112;51;36m[48;2;102;46;32m▛[38;2;98;44;31m[48;2;109;49;35m▝[38;2;108;49;34m[48;2;99;45;32m▛[38;2;96;43;30m[48;2;108;49;34m▝[38;2;106;48;34m[48;2;96;43;31m▛[38;2;96;44;31m[48;2;105;47;33m▝[38;2;104;47;33m[48;2;94;42;30m▛[38;2;96;43;31m[48;2;103;47;33m▝[38;2;101;46;32m[48;2;92;41;29m▛[38;2;93;42;30m[48;2;100;45;32m▝[38;2;99;45;32m[48;2;90;41;29m▛[38;2;89;40;28m[48;2;97;44;31m▝[38;2;96;43;31m[48;2;88;39;28m▛[38;2;86;38;27m[48;2;96;43;31m▝[38;2;94;42;30m[48;2;86;39;27m▛[38;2;85;38;27m[48;2;90;40;29m▝[38;2;90;40;28m[48;2;83;37;26m▛[38;2;83;38;27m[48;2;89;40;28m▝[38;2;88;40;28m[48;2;83;38;27m▛[38;2;78;35;25m[48;2;86;38;27m▝[38;2;84;38;27m[48;2;77;35;25m▛[38;2;15;17;21m[48;2;50;27;23m▌[38;2;60;31;25m[48;2;25;20;22m▘[38;2;62;31;24m[48;2;44;25;23m▝[38;2;67;33;25m[48;2;43;24;22m▀[38;2;63;31;24m[48;2;44;25;22m▀[38;2;65;32;25m[48;2;42;24;22m▀[38;2;61;30;24m[48;2;44;25;22m▀[38;2;63;31;24m[48;2;41;24;21m▀[38;2;52;27;23m[48;2;15;17;21m▌[38;2;72;102;112m[48;2;75;105;114m▀▀▀▀▀▀▀▀▀▀▀▀▀▀▀▀▀▀[38;2;60;79;89m[48;2;46;54;65m▌[38;2;49;61;71m[48;2;42;47;58m▀▘[38;2;72;102;112m[48;2;75;105;114m▀▀▀▀▀▀[0m
[38;2;106;48;34m[48;2;115;52;37m▖[38;2;109;49;35m[48;2;116;53;37m▌[38;2;109;49;35m[48;2;146;90;59m▛[38;2;114;57;39m[48;2;239;200;128m▀[38;2;145;90;58m[48;2;249;213;140m▀[38;2;102;46;32m[48;2;220;179;114m▀[38;2;99;45;32m[48;2;108;49;35m▖[38;2;98;45;31m[48;2;106;48;34m▘[38;2;102;46;33m[48;2;138;86;57m▛[38;2;108;54;37m[48;2;238;200;128m▀[38;2;137;86;55m[48;2;249;213;140m▀[38;2;96;43;31m[48;2;218;177;113m▀[38;2;90;41;29m[48;2;100;45;32m▖[38;2;100;46;32m[48;2;91;41;29m▞[38;2;95;43;30m[48;2;133;84;55m▛[38;2;100;51;35m[48;2;238;200;128m▀[38;2;132;83;54m[48;2;249;213;140m▀[38;2;88;39;28m[48;2;218;178;113m▀[38;2;83;37;26m[48;2;91;41;29m▖[38;2;83;38;26m[48;2;91;41;29m▘[38;2;86;38;27m[48;2;127;81;53m▛[38;2;94;48;33m[48;2;237;200;128m▀[38;2;125;80;51m[48;2;249;213;140m▀[38;2;81;37;26m[48;2;216;177;113m▀[38;2;76;34;24m[48;2;83;37;26m▖[38;2;37;23;22m[48;2;79;36;26m▀[38;2;77;35;26m[48;2;38;24;22m▀[38;2;74;36;27m[48;2;37;45;54m▀[38;2;67;38;34m[48;2;37;48;59m▀[38;2;73;33;23m[48;2;43;45;52m▀[38;2;69;31;22m[48;2;76;34;24m▖[38;2;69;31;22m[48;2;73;33;23m▘[38;2;68;31;22m[48;2;73;33;23m▖[38;2;77;108;117m[48;2;83;112;120m▀[38;2;76;104;113m[48;2;61;79;88m▛[38;2;77;108;117m[48;2;83;112;120m▀▀▀[38;2;78;108;117m[48;2;84;112;120m▀▀▀▀[38;2;78;108;117m[48;2;85;113;119m▀▀▀▀▀[38;2;78;108;117m[48;2;84;112;120m▀▀▀▀[38;2;42;47;58m[48;2;71;80;82m▝[38;2;42;47;58m[48;2;80;74;65m▛[38;2;80;74;65m[48;2;42;47;58m▖[38;2;77;108;117m[48;2;83;112;120m▀▀[38;2;51;63;73m[48;2;79;109;118m▖[38;2;79;109;118m[48;2;67;87;96m▛[38;2;77;108;117m[48;2;51;63;73m▀▀[0m
[38;2;114;51;36m[48;2;102;46;32m▛[38;2;103;46;33m[48;2;111;50;35m▝[38;2;113;51;36m[48;2;249;215;143m▌[38;2;251;224;163m[48;2;254;235;187m▛[38;2;252;229;173m[48;2;255;239;194m▀[38;2;253;231;178m[48;2;250;220;155m▖[38;2;106;48;34m[48;2;95;42;30m▛[38;2;95;43;30m[48;2;106;48;34m▝[38;2;104;47;33m[48;2;249;215;143m▌[38;2;251;224;163m[48;2;254;235;187m▛[38;2;252;229;173m[48;2;255;239;194m▀[38;2;253;231;178m[48;2;250;220;155m▖[38;2;99;45;31m[48;2;90;40;29m▛[38;2;88;40;28m[48;2;97;44;31m▝[38;2;97;44;31m[48;2;249;215;143m▌[38;2;251;224;163m[48;2;254;235;187m▛[38;2;252;229;173m[48;2;255;239;194m▀[38;2;253;231;178m[48;2;250;220;155m▖[38;2;90;41;29m[48;2;86;39;28m▛[38;2;83;38;27m[48;2;87;39;28m▝[38;2;89;41;29m[48;2;249;215;143m▌[38;2;251;224;163m[48;2;254;235;187m▛[38;2;252;229;173m[48;2;255;239;194m▀[38;2;253;231;178m[48;2;250;220;155m▖[38;2;82;37;26m[48;2;76;34;24m▛[38;2;74;33;23m[48;2;80;36;25m▝[38;2;80;36;26m[48;2;32;41;50m▌[38;2;22;27;34m[48;2;31;39;48m▀[38;2;33;43;52m[48;2;22;26;32m▀[38;2;35;44;54m[48;2;31;39;48m▀[38;2;76;34;24m[48;2;68;31;22m▛[38;2;66;29;21m[48;2;73;33;23m▝[38;2;73;33;23m[48;2;64;29;20m▛[38;2;101;120;122m[48;2;42;47;58m▀[38;2;72;84;90m[48;2;42;47;58m▘[38;2;101;120;122m[48;2;42;47;58m▀[38;2;87;102;106m[48;2;42;47;58m▀[38;2;42;47;58m[48;2;43;47;58m▀[38;2;43;47;58m[48;2;44;48;58m▀[38;2;43;48;58m[48;2;45;49;58m▀[38;2;44;48;58m[48;2;47;50;59m▀[38;2;81;88;91m[48;2;115;126;122m▌[38;2;88;92;91m[48;2;112;124;122m▖[38;2;105;122;122m[48;2;129;131;122m▀[38;2;106;122;122m[48;2;129;132;122m▀[38;2;105;122;122m[48;2;129;131;122m▀[38;2;105;121;122m[48;2;127;131;123m▀[38;2;104;121;122m[48;2;125;130;123m▀[38;2;103;121;122m[48;2;123;129;124m▀[38;2;102;120;122m[48;2;122;129;124m▀[38;2;102;120;122m[48;2;121;128;124m▀[38;2;126;121;101m[48;2;83;83;76m▖[38;2;42;47;58m[48;2;58;58;60m▛[38;2;58;58;60m[48;2;42;47;58m▖[38;2;101;120;122m[48;2;120;128;125m▀[38;2;105;119;120m[48;2;81;87;91m▛[38;2;42;47;58m[48;2;110;124;124m▌[38;2;110;124;124m[48;2;76;85;91m▌[38;2;42;47;58m[48;2;42;47;58m██[0m
[38;2;103;46;33m[48;2;112;50;36m▘[38;2;114;52;36m[48;2;106;47;34m▀[38;2;113;57;42m[48;2;226;189;128m▌[38;2;252;226;167m[48;2;202;166;122m▀[38;2;253;232;181m[48;2;203;169;127m▀[38;2;251;222;159m[48;2;201;165;119m▀[38;2;119;65;50m[48;2;102;46;32m▖[38;2;96;43;31m[48;2;102;46;32m▖[38;2;105;53;39m[48;2;225;188;128m▌[38;2;252;226;167m[48;2;200;165;121m▀[38;2;253;232;181m[48;2;202;169;126m▀[38;2;251;222;159m[48;2;200;164;119m▀[38;2;111;62;47m[48;2;94;42;30m▖[38;2;89;40;28m[48;2;97;44;31m▖[38;2;96;49;36m[48;2;225;188;128m▌[38;2;252;226;167m[48;2;198;164;121m▀[38;2;253;232;181m[48;2;199;167;125m▀[38;2;251;222;159m[48;2;198;163;118m▀[38;2;102;57;44m[48;2;87;39;28m▖[38;2;79;35;25m[48;2;87;39;28m▖[38;2;91;47;35m[48;2;224;188;128m▌[38;2;252;226;167m[48;2;196;163;120m▀[38;2;253;232;181m[48;2;197;166;125m▀[38;2;251;222;159m[48;2;195;162;117m▀[38;2;98;56;43m[48;2;80;36;26m▖[38;2;73;33;23m[48;2;80;36;25m▖[38;2;51;35;34m[48;2;89;63;55m▀[38;2;30;37;46m[48;2;85;72;68m▀[38;2;29;36;44m[48;2;85;72;68m▀[38;2;21;25;30m[48;2;83;71;66m▀[38;2;64;35;28m[48;2;34;22;21m▛[38;2;60;29;21m[48;2;73;33;23m▖[38;2;72;32;23m[48;2;67;30;21m▞[38;2;42;47;58m[48;2;42;47;58m▛▛[38;2;42;47;58m[48;2;62;62;62m▌[38;2;63;62;62m[48;2;43;48;58m▌[38;2;44;48;58m[48;2;45;49;58m▛[38;2;46;49;59m[48;2;49;51;59m▛[38;2;49;51;59m[48;2;54;54;60m▀[38;2;134;112;75m[48;2;58;57;60m▖[38;2;148;139;123m[48;2;84;78;73m▝[38;2;152;141;122m[48;2;81;71;64m▝[38;2;154;141;121m[48;2;98;82;66m▀[38;2;156;142;121m[48;2;103;85;67m▀[38;2;155;142;121m[48;2;100;83;67m▀[38;2;152;141;122m[48;2;91;78;65m▀[38;2;116;101;86m[48;2;147;135;118m▖[38;2;144;132;116m[48;2;69;67;69m▌[38;2;141;136;125m[48;2;134;122;109m▀[38;2;139;136;126m[48;2;129;119;109m▀[38;2;89;88;88m[48;2;44;48;58m▌[38;2;75;71;63m[48;2;60;60;61m▝[38;2;50;53;59m[48;2;90;83;69m▀[38;2;64;68;75m[48;2;42;47;58m▀[38;2;59;63;71m[48;2;42;47;58m▀[38;2;64;68;75m[48;2;42;47;58m▝[38;2;59;63;71m[48;2;42;47;58m▀[38;2;42;47;58m[48;2;42;47;58m██[0m
[38;2;104;47;33m[48;2;112;50;36m▝[38;2;112;51;36m[48;2;97;43;31m▛[38;2;100;45;32m[48;2;109;49;35m▝[38;2;108;48;34m[48;2;97;44;31m▛[38;2;96;43;31m[48;2;107;48;34m▝[38;2;107;48;34m[48;2;97;44;31m▛[38;2;94;42;30m[48;2;104;47;33m▝[38;2;104;47;33m[48;2;95;43;30m▛[38;2;90;40;29m[48;2;101;46;32m▝[38;2;100;45;32m[48;2;92;41;29m▛[38;2;88;39;28m[48;2;101;46;32m▝[38;2;97;44;31m[48;2;89;40;28m▛[38;2;88;40;28m[48;2;97;44;31m▝[38;2;96;43;30m[48;2;86;39;27m▛[38;2;86;39;27m[48;2;94;43;30m▝[38;2;93;42;30m[48;2;82;36;26m▛[38;2;83;38;27m[48;2;90;40;28m▝[38;2;91;41;29m[48;2;83;38;27m▛[38;2;81;37;26m[48;2;88;40;28m▝[38;2;90;41;29m[48;2;82;37;26m▌[38;2;78;35;25m[48;2;86;39;28m▝[38;2;84;38;27m[48;2;79;36;26m▛[38;2;74;33;23m[48;2;83;37;26m▝[38;2;83;37;26m[48;2;75;34;24m▛[38;2;15;17;21m[48;2;53;28;23m▌[38;2;65;32;25m[48;2;44;25;22m▀[38;2;63;31;24m[48;2;45;26;23m▀[38;2;66;32;25m[48;2;44;25;22m▀[38;2;61;30;23m[48;2;43;25;22m▀[38;2;63;31;24m[48;2;41;24;21m▀[38;2;59;29;23m[48;2;42;24;22m▀[38;2;23;19;22m[48;2;37;23;21m▝[38;2;52;27;22m[48;2;15;17;21m▘[38;2;42;47;58m[48;2;42;47;58m▌▌[38;2;42;47;58m[48;2;43;47;58m▌[38;2;43;48;58m[48;2;44;48;58m▌[38;2;45;49;59m[48;2;47;50;59m▌[38;2;50;52;59m[48;2;54;54;60m▌[38;2;60;58;61m[48;2;67;63;62m▛[38;2;74;67;63m[48;2;86;74;65m▛[38;2;97;81;66m[48;2;114;93;69m▖[38;2;110;90;68m[48;2;142;111;74m▀[38;2;99;79;59m[48;2;132;103;70m▝[38;2;71;59;47m[48;2;177;162;129m▀[38;2;84;68;53m[48;2;143;119;87m▀[38;2;115;92;69m[48;2;132;103;71m▀[38;2;115;93;69m[48;2;98;82;66m▖[38;2;91;78;65m[48;2;79;70;64m▖[38;2;71;65;62m[48;2;63;60;61m▖[38;2;56;56;60m[48;2;52;53;59m▌[38;2;49;51;59m[48;2;46;50;59m▌[38;2;45;49;58m[48;2;88;81;68m▌[38;2;43;48;58m[48;2;116;101;71m▛[38;2;42;47;58m[48;2;42;47;58m▌[38;2;75;71;63m[48;2;42;47;58m▝▘[38;2;42;47;58m[48;2;42;47;58m███[0m
[38;2;102;46;33m[48;2;112;50;36m▖[38;2;101;45;32m[48;2;110;50;35m▘[38;2;105;47;33m[48;2;52;46;50m▛[38;2;66;46;45m[48;2;36;46;56m▀[38;2;50;47;52m[48;2;36;46;56m▀[38;2;81;47;41m[48;2;36;46;56m▀[38;2;95;43;30m[48;2;105;48;34m▖[38;2;94;42;30m[48;2;104;47;33m▘[38;2;97;43;31m[48;2;51;45;50m▛[38;2;62;44;44m[48;2;36;46;56m▀[38;2;49;46;52m[48;2;36;46;56m▀[38;2;76;44;39m[48;2;36;46;56m▀[38;2;88;40;28m[48;2;95;43;30m▖[38;2;87;39;28m[48;2;94;42;30m▘[38;2;90;40;28m[48;2;48;44;49m▛[38;2;58;42;42m[48;2;36;46;56m▀[38;2;47;46;51m[48;2;36;46;56m▀[38;2;70;41;37m[48;2;36;46;56m▀[38;2;80;36;25m[48;2;88;40;28m▖[38;2;78;35;25m[48;2;85;38;27m▘[38;2;84;38;27m[48;2;46;43;48m▛[38;2;55;41;41m[48;2;36;46;56m▀[38;2;45;45;51m[48;2;36;46;56m▀[38;2;64;39;35m[48;2;36;46;56m▀[38;2;73;33;23m[48;2;81;36;26m▖[38;2;73;33;23m[48;2;79;35;25m▘[38;2;76;34;24m[48;2;44;42;48m▛[38;2;53;40;41m[48;2;36;46;56m▀[38;2;44;44;50m[48;2;36;46;56m▀[38;2;60;37;34m[48;2;36;46;56m▀[38;2;67;30;22m[48;2;33;21;21m▛[38;2;36;22;21m[48;2;62;29;22m▞[38;2;37;23;22m[48;2;67;30;21m▘[38;2;42;47;58m[48;2;42;47;58m▌▌[38;2;42;47;58m[48;2;43;47;58m▌[38;2;43;48;58m[48;2;44;48;58m▌[38;2;46;49;59m[48;2;48;50;59m▌[38;2;50;52;59m[48;2;54;55;60m▌[38;2;59;58;61m[48;2;66;62;62m▌[38;2;74;67;63m[48;2;84;73;64m▌[38;2;110;90;68m[48;2;96;81;66m▝[38;2;180;139;83m[48;2;130;104;72m▀[38;2;148;113;74m[48;2;132;103;71m▀[38;2;147;113;74m[48;2;17;19;24m▌[38;2;151;115;74m[48;2;135;105;72m▀[38;2;139;108;73m[48;2;123;97;70m▘[38;2;117;94;69m[48;2;102;84;67m▘[38;2;93;79;66m[48;2;81;71;64m▘[38;2;70;64;62m[48;2;63;60;61m▌[38;2;57;56;60m[48;2;52;53;60m▌[38;2;49;51;59m[48;2;46;50;59m▌[38;2;45;49;58m[48;2;44;48;58m▌[38;2;87;80;67m[48;2;43;47;58m▀[38;2;42;47;58m[48;2;42;47;58m▌▌▌███[0m
[38;2;110;49;35m[48;2;102;46;32m▛[38;2;95;42;30m[48;2;109;49;34m▝[38;2;109;50;35m[48;2;32;41;50m▌[38;2;34;43;52m[48;2;31;39;48m▀▀▀[38;2;102;46;32m[48;2;94;42;30m▛[38;2;94;43;30m[48;2;102;46;33m▝[38;2;101;46;32m[48;2;32;41;50m▌[38;2;34;43;52m[48;2;31;39;48m▀▀▀[38;2;95;43;30m[48;2;87;39;28m▛[38;2;86;39;27m[48;2;95;43;30m▝[38;2;93;42;30m[48;2;32;41;50m▌[38;2;34;43;52m[48;2;31;39;48m▀▀▀[38;2;87;39;28m[48;2;79;36;25m▛[38;2;77;35;25m[48;2;86;39;27m▝[38;2;84;38;27m[48;2;32;41;50m▌[38;2;34;43;52m[48;2;31;39;48m▀▀▀[38;2;80;36;26m[48;2;71;32;23m▛[38;2;68;30;21m[48;2;79;36;25m▝[38;2;76;34;24m[48;2;32;41;50m▌[38;2;34;43;52m[48;2;31;39;48m▀[38;2;32;40;50m[48;2;21;26;32m▛[38;2;22;26;32m[48;2;30;38;46m▞[38;2;39;24;23m[48;2;68;31;22m▘[38;2;63;28;20m[48;2;71;32;23m▝[38;2;70;32;22m[48;2;62;28;20m▛[38;2;42;47;58m[48;2;42;47;58m▝▝[38;2;43;47;58m[48;2;42;47;58m▝[38;2;43;48;58m[48;2;43;47;58m▝[38;2;46;49;59m[48;2;44;48;58m▝[38;2;50;52;59m[48;2;46;50;59m▝[38;2;58;57;60m[48;2;51;53;59m▝[38;2;66;62;62m[48;2;56;56;60m▀[38;2;79;70;64m[48;2;64;61;61m▀[38;2;94;79;66m[48;2;72;66;63m▀[38;2;105;86;67m[48;2;79;70;64m▀[38;2;96;81;66m[48;2;17;19;24m▌[38;2;107;88;68m[48;2;80;71;64m▀[38;2;97;81;66m[48;2;74;67;63m▀[38;2;83;73;64m[48;2;66;62;62m▀[38;2;69;64;62m[48;2;58;57;60m▀[38;2;58;57;60m[48;2;51;53;59m▀[38;2;52;53;59m[48;2;47;50;59m▘[38;2;46;50;59m[48;2;44;48;58m▘[38;2;44;48;58m[48;2;43;48;58m▘[38;2;43;47;58m[48;2;42;47;58m▘[38;2;42;47;58m[48;2;42;47;58m▘▘▘███[0m
[38;2;101;45;32m[48;2;111;50;36m▘[38;2;99;45;32m[48;2;109;49;35m▖[38;2;29;35;44m[48;2;116;64;49m▝[38;2;29;35;44m[48;2;131;83;66m▀[38;2;29;35;44m[48;2;134;84;67m▀[38;2;29;35;44m[48;2;128;81;65m▀[38;2;117;64;49m[48;2;99;45;32m▖[38;2;91;41;29m[48;2;103;47;33m▖[38;2;29;35;44m[48;2;110;61;47m▝[38;2;29;35;44m[48;2;124;79;64m▀[38;2;29;35;44m[48;2;127;81;65m▀[38;2;29;35;44m[48;2;121;78;63m▀[38;2;111;62;47m[48;2;92;41;29m▖[38;2;85;38;27m[48;2;93;42;29m▖[38;2;57;37;35m[48;2;115;69;55m▀[38;2;29;35;44m[48;2;118;77;62m▀[38;2;29;35;44m[48;2;122;79;63m▀[38;2;29;35;44m[48;2;116;76;61m▀[38;2;102;57;44m[48;2;83;37;26m▖[38;2;76;34;24m[48;2;83;37;26m▖[38;2;53;35;34m[48;2;108;66;53m▀[38;2;29;35;44m[48;2;113;75;60m▀[38;2;29;35;44m[48;2;114;75;60m▀[38;2;29;35;44m[48;2;110;73;59m▀[38;2;96;55;43m[48;2;76;34;24m▖[38;2;72;33;23m[48;2;77;35;25m▖[38;2;29;35;44m[48;2;75;48;40m▝[38;2;27;26;31m[48;2;86;52;41m▛[38;2;24;28;35m[48;2;108;72;58m▀[38;2;29;35;44m[48;2;103;69;57m▀[38;2;90;52;41m[48;2;69;31;22m▖[38;2;63;28;20m[48;2;69;31;22m▖[38;2;63;29;20m[48;2;68;30;22m▘[38;2;42;47;58m[48;2;42;47;58m█▝▝▝[38;2;43;48;58m[48;2;42;47;58m▀[38;2;44;48;58m[48;2;43;47;58m▀[38;2;46;49;59m[48;2;44;48;58m▀[38;2;49;51;59m[48;2;45;49;58m▀[38;2;53;54;60m[48;2;46;50;59m▀[38;2;57;56;60m[48;2;48;51;59m▀[38;2;60;58;61m[48;2;49;52;59m▀[38;2;56;55;60m[48;2;17;19;24m▌[38;2;61;59;61m[48;2;49;52;59m▀[38;2;58;57;60m[48;2;48;51;59m▀[38;2;54;54;60m[48;2;47;50;59m▀[38;2;50;52;59m[48;2;45;49;58m▀[38;2;46;50;59m[48;2;44;48;58m▀[38;2;44;48;58m[48;2;43;48;58m▀[38;2;43;48;58m[48;2;42;47;58m▀[38;2;43;47;58m[48;2;42;47;58m▘[38;2;42;47;58m[48;2;42;47;58m▘▘▘████[0m
[38;2;99;44;31m[48;2;109;49;35m▝[38;2;108;49;34m[48;2;98;44;31m▛[38;2;100;46;32m[48;2;106;48;34m▝[38;2;106;48;34m[48;2;93;42;29m▛[38;2;93;41;29m[48;2;104;47;33m▝[38;2;103;47;33m[48;2;99;45;31m▌[38;2;101;45;32m[48;2;96;43;30m▌[38;2;100;45;32m[48;2;88;39;28m▛[38;2;90;41;29m[48;2;100;45;32m▝[38;2;98;44;31m[48;2;89;40;28m▛[38;2;85;38;27m[48;2;97;44;31m▝[38;2;95;43;30m[48;2;87;40;28m▛[38;2;84;38;27m[48;2;94;42;30m▝[38;2;93;42;30m[48;2;83;38;27m▛[38;2;82;37;26m[48;2;90;40;28m▝[38;2;88;40;28m[48;2;84;38;27m▛[38;2;79;35;25m[48;2;88;40;28m▝[38;2;86;39;27m[48;2;78;35;25m▛[38;2;77;35;25m[48;2;84;38;27m▝[38;2;85;38;27m[48;2;76;34;24m▛[38;2;76;34;24m[48;2;82;37;26m▝[38;2;80;36;25m[48;2;75;34;24m▛[38;2;74;34;24m[48;2;79;36;25m▝[38;2;79;36;25m[48;2;71;32;23m▛[38;2;76;34;24m[48;2;59;29;23m▛[38;2;36;22;22m[48;2;66;31;23m▞[38;2;40;24;23m[48;2;70;32;23m▘[38;2;73;33;23m[48;2;65;29;20m▛[38;2;66;30;21m[48;2;72;32;23m▝[38;2;71;32;22m[48;2;30;22;18m▌[38;2;92;69;47m[48;2;234;182;114m▀[38;2;91;69;47m[48;2;234;182;114m▀[38;2;234;182;114m[48;2;50;37;28m▖[38;2;42;47;58m[48;2;42;47;58m██▝▀▀▀[38;2;43;47;58m[48;2;42;47;58m▀[38;2;43;48;58m[48;2;42;47;58m▀▀[38;2;44;48;58m[48;2;43;47;58m▀[38;2;44;49;58m[48;2;43;47;58m▀[38;2;44;48;58m[48;2;17;19;24m▌[38;2;44;49;58m[48;2;43;47;58m▀[38;2;44;48;58m[48;2;43;47;58m▀[38;2;44;48;58m[48;2;42;47;58m▀[38;2;43;48;58m[48;2;42;47;58m▀[38;2;43;47;58m[48;2;42;47;58m▀[38;2;42;47;58m[48;2;42;47;58m▀▀▀▘██████[0m
[38;2;109;49;35m[48;2;75;49;47m▀[38;2;103;46;33m[48;2;77;50;47m▀[38;2;108;49;35m[48;2;75;49;47m▀[38;2;101;46;32m[48;2;75;49;47m▀[38;2;102;45;32m[48;2;72;48;46m▀[38;2;97;44;31m[48;2;74;48;46m▀[38;2;99;45;32m[48;2;71;47;45m▀[38;2;95;43;30m[48;2;74;49;46m▀[38;2;98;44;31m[48;2;70;47;45m▀[38;2;94;42;30m[48;2;72;48;46m▀[38;2;95;43;30m[48;2;70;47;45m▀[38;2;90;41;29m[48;2;69;46;45m▀[38;2;93;42;30m[48;2;67;45;44m▀[38;2;86;38;27m[48;2;69;46;45m▀[38;2;89;40;28m[48;2;67;46;44m▀[38;2;84;38;27m[48;2;68;46;44m▀[38;2;87;39;28m[48;2;66;45;44m▀[38;2;83;37;26m[48;2;66;45;44m▀[38;2;84;38;27m[48;2;64;44;43m▀[38;2;81;37;26m[48;2;64;44;43m▀[38;2;82;37;26m[48;2;63;44;43m▀[38;2;77;34;24m[48;2;63;44;43m▀[38;2;79;35;25m[48;2;63;44;43m▀[38;2;73;33;23m[48;2;63;44;43m▀[38;2;77;34;24m[48;2;61;43;42m▀[38;2;72;32;23m[48;2;62;43;42m▀[38;2;74;34;24m[48;2;60;42;42m▀[38;2;70;32;22m[48;2;61;43;42m▀[38;2;70;31;22m[48;2;59;42;41m▀[38;2;26;21;18m[48;2;56;37;35m▝[38;2;200;142;82m[48;2;118;87;64m▀▀[38;2;159;114;73m[48;2;35;31;31m▌[38;2;42;47;58m[48;2;51;54;64m▀▀▀▀▀▀▀▀▀▀▀[38;2;17;19;24m[48;2;44;47;56m▝[38;2;42;47;58m[48;2;51;54;64m▀▀▀▀▀▀▀▀▀▀▀▀▀▀▀[0m
[38;2;43;45;53m[48;2;34;36;43m▀▀▀▀▀▀▀▀▀▀▀▀▀▀▀▀▀▀▀▀▀▀▀▀▀▀▀▀[38;2;44;46;53m[48;2;36;37;44m▀[38;2;47;48;53m[48;2;44;42;45m▀[38;2;53;51;55m[48;2;57;50;48m▀[38;2;56;53;55m[48;2;62;53;50m▀[38;2;52;50;54m[48;2;53;48;48m▀[38;2;46;47;53m[48;2;41;40;45m▀[38;2;44;45;53m[48;2;35;37;43m▀[38;2;43;45;53m[48;2;34;36;43m▀▀▀▀▀▀▀[38;2;45;46;53m[48;2;38;38;44m▀[38;2;47;44;46m[48;2;53;50;52m▖[38;2;57;53;55m[48;2;67;56;49m▀[38;2;62;53;49m[48;2;53;49;52m▖[38;2;46;47;53m[48;2;40;40;44m▀[38;2;43;45;53m[48;2;35;36;43m▀[38;2;43;45;53m[48;2;34;36;43m▀▀▀▀▀▀▀▀▀▀▀▀[0m
[38;2;34;36;43m[48;2;34;36;43m██████████████████████████▌[38;2;34;36;43m[48;2;35;36;43m▌[38;2;36;37;44m[48;2;39;39;44m▌[38;2;46;43;46m[48;2;56;49;48m▌[38;2;69;57;51m[48;2;85;67;55m▛[38;2;77;62;53m[48;2;91;70;56m▀[38;2;79;63;54m[48;2;64;54;50m▖[38;2;50;46;47m[48;2;42;41;45m▌[38;2;38;38;44m[48;2;35;37;43m▌[38;2;34;36;43m[48;2;34;36;43m▌▌███▌[38;2;34;36;43m[48;2;35;37;43m▌[38;2;37;38;44m[48;2;44;42;45m▌[38;2;58;51;48m[48;2;78;62;52m▌[38;2;87;67;53m[48;2;106;79;57m▀[38;2;95;73;55m[48;2;71;58;50m▖[38;2;50;46;46m[48;2;40;40;44m▌[38;2;36;37;43m[48;2;34;36;43m▌[38;2;34;36;43m[48;2;34;36;43m▌███████████[0m
[38;2;34;36;43m[48;2;34;36;43m██████████████████████████▌[38;2;34;36;43m[48;2;35;37;43m▌[38;2;37;38;44m[48;2;42;41;45m▌[38;2;51;46;47m[48;2;65;55;50m▌[38;2;82;65;54m[48;2;98;74;58m▌[38;2;106;79;60m[48;2;103;78;59m▌[38;2;90;70;56m[48;2;73;60;52m▌[38;2;57;50;48m[48;2;46;43;46m▌[38;2;39;39;44m[48;2;36;37;43m▌[38;2;35;36;43m[48;2;34;36;43m▌[38;2;34;36;43m[48;2;34;36;43m▌███▌[38;2;34;36;43m[48;2;35;37;43m▌[38;2;39;39;44m[48;2;50;46;46m▌[38;2;71;58;50m[48;2;101;76;56m▌[38;2;122;89;61m[48;2;137;98;63m▀[38;2;115;85;59m[48;2;85;67;53m▌[38;2;59;51;48m[48;2;43;42;45m▌[38;2;37;38;44m[48;2;35;36;43m▌[38;2;34;36;43m[48;2;34;36;43m▌███████████[0m
