[38;2;22;48;63m[48;2;24;50;65m▀▀▀▀▀▀▀▀▀▀▀▀▀▀▀▀▀▀▀▀▀▀▀▀▀▀▀▀▀▀▀▀▀▀▀▀▀▀▀▀▀▀▀▀▀▀▀▀▀▀▀▀▀▀▀▀▀▀▀▀▀▀▀▀▀▀▀▀▀▀▀▀▀▀▀▀▀▀▀▀▀▀▀▀▀▀▀▀▀▀▀▀▀▀▀▀▀▀▀▀▀▀▀▀▀▀▀▀▀▀▀▀▀▀▀▀▀▀▀▀[0m
[38;2;25;51;66m[48;2;26;53;67m▀▀▀▀▀▀▀▀▀▀▀▀▀▀▀▀▀▀▀▀▀▀▀▀▀▀▀▀▀▀▀▀▀▀▀▀▀▀▀▀▀▀▀▀▀▀▀▀▀▀▀▀▀▀▀▀▀▀▀▀▀▀▀▀▀▀▀▀▀▀▀▀▀▀▀▀▀▀▀▀▀▀▀▀▀▀▀▀▀▀▀▀▀▀▀▀▀▀▀▀▀▀▀▀▀▀▀▀▀▀▀▀▀▀▀▀▀▀▀▀[0m
[38;2;28;54;69m[48;2;29;56;70m▀▀▀▀▀▀▀▀▀▀▀▀▀▀▀▀▀▀▀▀▀▀▀▀▀▀▀▀▀▀▀▀▀▀▀▀▀▀▀▀▀▀▀▀▀▀▀▀▀▀▀▀▀▀▀▀▀▀▀▀▀▀▀▀▀▀▀▀▀▀▀▀▀▀▀▀▀▀▀▀▀▀▀▀▀▀▀▀▀▀▀▀▀▀▀▀▀▀▀▀▀▀▀▀▀▀▀▀▀▀▀▀▀▀▀▀▀▀▀▀[0m
[38;2;31;57;71m[48;2;75;34;25m▀▀▀▀▀▀▀▀▀▀▀▀▀▀▀▀▀▀▀▀▀▀▀▀▀▀▀▀▀▀▀▀▀▀▀▀▀▀▀▀▀▀▀▀▀▀▀▀▀▀▀▀▀▀▀▀▀▀▀▀▀▀▀▀▀▀▀[38;2;75;34;25m[48;2;31;58;72m▖[38;2;31;57;71m[48;2;32;59;73m▀▀▀▀▀▀▀▀▀▀▀▀▀▀▀▀▀▀▀▀▀▀▀▀▀▀▀▀▀▀▀▀▀▀▀▀▀▀▀▀▀▀▀▀▀▀▀▀▀▀▀▀[0m
[38;2;75;34;25m[48;2;129;58;41m▀[38;2;75;34;25m[48;2;127;57;40m▀[38;2;75;34;25m[48;2;115;52;37m▀[38;2;75;34;25m[48;2;128;58;41m▀▀[38;2;75;34;25m[48;2;122;54;39m▀[38;2;82;37;27m[48;2;124;56;40m▛[38;2;75;34;25m[48;2;123;55;39m▀[38;2;75;34;25m[48;2;126;57;40m▀[38;2;75;34;25m[48;2;124;56;40m▀[38;2;82;37;27m[48;2;128;59;41m▛[38;2;75;34;25m[48;2;121;55;39m▀[38;2;75;34;25m[48;2;122;55;39m▀[38;2;75;34;25m[48;2;120;54;38m▀[38;2;80;36;26m[48;2;120;54;38m▛[38;2;75;34;25m[48;2;120;54;38m▀[38;2;75;34;25m[48;2;117;52;37m▀[38;2;75;34;25m[48;2;118;53;37m▀[38;2;81;37;27m[48;2;120;55;39m▛[38;2;75;34;25m[48;2;116;52;37m▀[38;2;75;34;25m[48;2;114;51;36m▀[38;2;75;34;25m[48;2;117;53;37m▀[38;2;79;35;26m[48;2;113;51;36m▛[38;2;75;34;25m[48;2;110;49;35m▀[38;2;75;34;25m[48;2;109;48;34m▀[38;2;75;34;25m[48;2;111;50;35m▀[38;2;75;34;25m[48;2;100;45;32m▀[38;2;75;34;25m[48;2;112;51;36m▀[38;2;75;34;25m[48;2;108;49;34m▀[38;2;75;34;25m[48;2;110;50;35m▀[38;2;77;35;25m[48;2;111;51;36m▛[38;2;75;34;25m[48;2;108;49;35m▀[38;2;75;34;25m[48;2;106;47;34m▀[38;2;75;34;25m[48;2;107;48;34m▀[38;2;79;36;26m[48;2;106;48;34m▛[38;2;75;34;25m[48;2;107;49;34m▀[38;2;75;34;25m[48;2;105;47;33m▀[38;2;75;34;25m[48;2;101;45;32m▀[38;2;77;35;25m[48;2;102;46;33m▛[38;2;75;34;25m[48;2;102;46;33m▀[38;2;75;34;25m[48;2;106;49;34m▀[38;2;75;34;25m[48;2;100;45;32m▀[38;2;75;34;25m[48;2;103;47;33m▛[38;2;75;34;25m[48;2;100;45;32m▀[38;2;75;34;25m[48;2;96;43;30m▀[38;2;75;34;25m[48;2;98;44;31m▀[38;2;76;35;25m[48;2;100;46;32m▛[38;2;75;34;25m[48;2;100;46;32m▀[38;2;75;34;25m[48;2;96;43;31m▀[38;2;75;34;25m[48;2;96;44;31m▀[38;2;76;35;25m[48;2;94;42;30m▛[38;2;75;34;25m[48;2;96;44;31m▀[38;2;75;34;25m[48;2;94;43;30m▀▀[38;2;74;34;24m[48;2;94;43;30m▛[38;2;75;34;25m[48;2;93;42;30m▀[38;2;75;34;25m[48;2;89;40;28m▀▀[38;2;73;33;24m[48;2;88;40;28m▛[38;2;75;34;25m[48;2;87;39;28m▀[38;2;75;34;25m[48;2;85;38;27m▀[38;2;75;34;25m[48;2;90;41;29m▀[38;2;69;32;22m[48;2;77;34;25m▖[38;2;75;34;25m[48;2;83;37;26m▀[38;2;75;34;25m[48;2;86;39;27m▀[38;2;75;34;25m[48;2;87;40;28m▀[38;2;75;34;25m[48;2;35;62;75m▀[38;2;75;34;25m[48;2;34;61;75m▘[38;2;33;60;74m[48;2;35;62;75m▀▀▀▀▀▀▀▀▀▀▀▀▀▀▀▀▀▀▀▀▀▀▀▀▀▀▀▀▀▀▀▀▀▀▀▀▀▀▀▀▀▀▀▀▀▀▀▀▀▀▀▀[0m
[38;2;119;53;38m[48;2;100;45;32m▌[38;2;115;52;37m[48;2;126;56;40m▀[38;2;115;52;37m[48;2;128;58;41m▀[38;2;110;49;35m[48;2;127;57;40m▀[38;2;123;56;39m[48;2;95;42;30m▌[38;2;113;51;36m[48;2;121;54;38m▀[38;2;109;49;34m[48;2;121;54;38m▀[38;2;119;54;38m[48;2;84;55;51m▛[38;2;99;44;31m[48;2;73;49;48m▀[38;2;110;50;35m[48;2;81;53;50m▀[38;2;112;50;36m[48;2;124;56;40m▛[38;2;103;45;32m[48;2;123;56;39m▀[38;2;116;52;37m[48;2;95;43;30m▌[38;2;107;48;34m[48;2;119;53;38m▀[38;2;106;48;34m[48;2;122;56;39m▀[38;2;102;45;32m[48;2;115;51;36m▀[38;2;122;56;39m[48;2;95;42;30m▖[38;2;104;47;33m[48;2;111;49;35m▝[38;2;101;45;32m[48;2;116;52;37m▀[38;2;107;48;34m[48;2;76;51;49m▛[38;2;96;43;30m[48;2;69;47;46m▀[38;2;103;47;33m[48;2;74;50;48m▀[38;2;102;46;33m[48;2;113;51;36m▀[38;2;101;46;32m[48;2;115;52;37m▀[38;2;105;47;34m[48;2;85;38;27m▌[38;2;99;45;32m[48;2;117;54;38m▀[38;2;114;52;37m[48;2;104;47;33m▖[38;2;104;47;33m[48;2;116;53;37m▛[38;2;105;48;34m[48;2;85;38;27m▌[38;2;95;43;30m[48;2;110;50;35m▀[38;2;96;43;30m[48;2;108;49;34m▀[38;2;98;44;31m[48;2;70;47;46m▛[38;2;89;40;28m[48;2;69;48;47m▀[38;2;92;41;29m[48;2;72;49;47m▀[38;2;92;41;29m[48;2;108;49;35m▀[38;2;92;42;29m[48;2;104;46;33m▀[38;2;108;49;35m[48;2;85;38;27m▖[38;2;91;41;29m[48;2;102;46;32m▀[38;2;94;43;30m[48;2;103;47;33m▀[38;2;90;41;29m[48;2;102;46;32m▀[38;2;94;42;30m[48;2;78;35;25m▌[38;2;105;48;34m[48;2;94;43;30m▖[38;2;88;39;28m[48;2;98;44;31m▀[38;2;93;42;30m[48;2;173;129;88m▛[38;2;82;37;26m[48;2;169;129;89m▀[38;2;84;37;27m[48;2;174;131;89m▀[38;2;87;39;28m[48;2;95;43;30m▀▀[38;2;92;42;30m[48;2;71;32;22m▌[38;2;81;36;25m[48;2;94;42;30m▀[38;2;83;38;27m[48;2;95;43;30m▀[38;2;85;39;27m[48;2;96;44;31m▀[38;2;87;39;28m[48;2;69;31;22m▌[38;2;79;35;25m[48;2;88;40;28m▘[38;2;82;37;26m[48;2;90;40;29m▀[38;2;81;36;26m[48;2;171;129;88m▛[38;2;73;33;23m[48;2;166;127;87m▀[38;2;80;36;26m[48;2;167;127;87m▀[38;2;81;37;26m[48;2;90;41;29m▀[38;2;78;35;25m[48;2;87;39;28m▀[38;2;85;38;27m[48;2;71;32;23m▖[38;2;81;37;26m[48;2;86;38;27m▀[38;2;91;42;29m[48;2;80;36;26m▖[38;2;74;33;23m[48;2;83;37;26m▀[38;2;82;37;26m[48;2;69;31;22m▖[38;2;87;40;28m[48;2;77;35;24m▖[38;2;36;63;77m[48;2;37;65;78m▀▀▀▀▀▀▀▀▀▀▀▀▀▀▀▀▀▀▀▀▀▀▀▀▀▀▀▀▀▀▀▀▀▀▀▀▀▀▀▀▀▀▀▀▀▀▀▀▀▀▀▀▀▀[0m
[38;2;112;50;35m[48;2;134;62;43m▀[38;2;110;48;35m[48;2;131;59;42m▀[38;2;109;49;35m[48;2;124;55;39m▀[38;2;103;47;33m[48;2;127;57;40m▛[38;2;107;47;34m[48;2;126;57;40m▀[38;2;116;53;37m[48;2;35;45;55m▛[38;2;69;47;45m[48;2;36;46;57m▘[38;2;37;48;59m[48;2;35;45;55m▀▀▀▀[38;2;111;50;35m[48;2;46;45;52m▝[38;2;105;47;33m[48;2;122;55;39m▀[38;2;107;48;34m[48;2;121;55;39m▀[38;2;100;44;31m[48;2;114;51;36m▘[38;2;97;44;31m[48;2;121;55;39m▛[38;2;102;45;32m[48;2;120;54;38m▀[38;2;107;48;34m[48;2;35;45;55m▛[38;2;66;46;44m[48;2;36;46;57m▘[38;2;37;48;59m[48;2;35;45;55m▀▀▀▀[38;2;101;46;32m[48;2;43;44;51m▝[38;2;100;45;32m[48;2;114;52;36m▛[38;2;98;44;31m[48;2;109;49;35m▀[38;2;99;45;32m[48;2;111;50;35m▀[38;2;85;38;27m[48;2;109;50;35m▌[38;2;95;42;30m[48;2;107;48;34m▀[38;2;98;44;31m[48;2;35;45;55m▛[38;2;58;41;41m[48;2;36;46;57m▘[38;2;37;48;59m[48;2;35;45;55m▀▀▀▀[38;2;90;40;29m[48;2;43;44;51m▝[38;2;90;40;29m[48;2;102;46;33m▝[38;2;92;42;29m[48;2;103;46;33m▀[38;2;90;40;29m[48;2;101;46;32m▀[38;2;81;36;26m[48;2;101;46;32m▛[38;2;89;40;28m[48;2;98;44;31m▀[38;2;94;43;30m[48;2;249;215;145m▛[38;2;164;125;85m[48;2;250;220;154m▘[38;2;251;221;156m[48;2;252;228;172m▀[38;2;251;224;162m[48;2;253;232;180m▀[38;2;251;223;160m[48;2;253;231;177m▀[38;2;250;218;151m[48;2;252;225;165m▀[38;2;124;82;56m[48;2;250;217;149m▀[38;2;82;37;26m[48;2;91;41;29m▀[38;2;83;37;26m[48;2;94;43;30m▀[38;2;83;37;26m[48;2;90;40;28m▀[38;2;72;32;23m[48;2;86;38;27m▌[38;2;85;39;27m[48;2;92;42;29m▀[38;2;87;40;28m[48;2;249;215;145m▛[38;2;162;125;85m[48;2;250;220;154m▘[38;2;251;221;156m[48;2;252;228;172m▀[38;2;251;224;162m[48;2;253;232;180m▀[38;2;251;223;160m[48;2;253;231;177m▀[38;2;250;218;151m[48;2;252;225;165m▀[38;2;118;79;54m[48;2;250;217;149m▀[38;2;91;42;29m[48;2;80;36;26m▖[38;2;76;34;24m[48;2;90;41;29m▀[38;2;72;31;22m[48;2;81;36;26m▝[38;2;64;29;20m[48;2;81;37;26m▌[38;2;73;32;23m[48;2;81;36;25m▀[38;2;73;33;23m[48;2;83;37;26m▀[38;2;39;66;79m[48;2;40;68;81m▀▀▀▀▀▀▀▀▀▀▀▀▀▀▀▀▀▀▀▀▀▀▀▀▀▀▀▀▀▀▀▀▀▀▀▀▀▀▀▀▀▀▀▀▀▀▀▀▀▀▀▀▀▀[0m
[38;2;112;50;35m[48;2;127;57;40m▀[38;2;123;56;39m[48;2;101;46;32m▌[38;2;112;50;36m[48;2;126;57;40m▀[38;2;112;51;36m[48;2;127;57;41m▀[38;2;108;48;34m[48;2;126;57;40m▀[38;2;34;43;52m[48;2;32;40;49m▀▀▀▀▀▀▀[38;2;108;49;34m[48;2;123;56;39m▀[38;2;116;52;37m[48;2;98;44;31m▖[38;2;103;46;33m[48;2;115;52;37m▝[38;2;107;49;34m[48;2;122;56;39m▀[38;2;104;47;33m[48;2;118;54;38m▀[38;2;34;43;52m[48;2;32;40;49m▀▀▀▀▀▀▀[38;2;112;50;36m[48;2;103;46;33m▖[38;2;116;53;37m[48;2;90;41;29m▖[38;2;91;40;28m[48;2;109;50;35m▝[38;2;101;46;32m[48;2;111;50;35m▀[38;2;96;43;30m[48;2;106;47;33m▀[38;2;34;43;52m[48;2;32;40;49m▀▀▀▀▀▀▀[38;2;95;43;30m[48;2;106;48;34m▀[38;2;97;44;31m[48;2;79;35;25m▌[38;2;105;48;34m[48;2;92;41;29m▖[38;2;102;46;33m[48;2;93;42;29m▖[38;2;88;40;28m[48;2;104;47;33m▀[38;2;249;215;143m[48;2;250;219;152m▌[38;2;251;224;163m[48;2;252;229;173m▌[38;2;253;233;182m[48;2;254;237;190m▌[38;2;254;238;193m[48;2;255;240;198m▀[38;2;255;240;197m[48;2;254;237;191m▖[38;2;253;233;182m[48;2;252;229;173m▌[38;2;251;224;163m[48;2;250;219;152m▌[38;2;86;39;28m[48;2;95;43;30m▀[38;2;86;38;27m[48;2;70;31;22m▌[38;2;82;37;26m[48;2;92;41;29m▀[38;2;80;36;25m[48;2;89;40;28m▀[38;2;82;37;26m[48;2;90;40;28m▀[38;2;249;215;143m[48;2;250;219;152m▌[38;2;251;224;163m[48;2;252;229;173m▌[38;2;253;233;182m[48;2;254;237;190m▌[38;2;254;238;193m[48;2;255;240;198m▀[38;2;255;240;197m[48;2;254;237;191m▖[38;2;253;233;182m[48;2;252;229;173m▌[38;2;251;224;163m[48;2;250;219;152m▌[38;2;76;34;24m[48;2;86;38;27m▀[38;2;82;37;26m[48;2;67;30;21m▌[38;2;76;35;24m[48;2;85;39;27m▀[38;2;73;32;23m[48;2;85;38;27m▀[38;2;75;33;24m[48;2;84;38;27m▛[38;2;87;40;28m[48;2;66;30;21m▖[38;2;41;69;82m[48;2;43;70;83m▀▀▀▀▀▀▀▀▀▀▀▀▀▀▀▀▀▀▀▀▀▀▀▀▀▀▀▀▀▀▀▀▀▀▀▀▀▀▀▀▀▀▀▀▀▀▀▀▀▀▀▀▀▀[0m
[38;2;105;48;34m[48;2;127;57;40m▛[38;2;119;54;38m[48;2;133;61;43m▛[38;2;114;52;36m[48;2;124;55;39m▀[38;2;115;52;37m[48;2;120;53;38m▀[38;2;102;46;33m[48;2;124;56;40m▛[38;2;31;38;46m[48;2;29;35;43m▀▀▀▀▀▀▀[38;2;96;43;31m[48;2;124;57;40m▛[38;2;102;45;32m[48;2;114;52;36m▘[38;2;103;46;32m[48;2;117;52;37m▀[38;2;102;46;32m[48;2;118;53;37m▀[38;2;91;41;29m[48;2;109;49;35m▌[38;2;31;38;46m[48;2;29;35;43m▀▀▀▀▀▀▀[38;2;90;40;29m[48;2;113;51;36m▛[38;2;98;44;31m[48;2;110;50;35m▀▀[38;2;98;45;31m[48;2;112;51;36m▀[38;2;87;39;28m[48;2;108;49;34m▛[38;2;31;38;46m[48;2;29;35;43m▀▀▀▀▀▀▀[38;2;81;36;25m[48;2;103;47;33m▛[38;2;91;41;29m[48;2;101;45;32m▀[38;2;90;40;28m[48;2;101;46;32m▀[38;2;92;42;29m[48;2;103;47;33m▀[38;2;75;33;24m[48;2;96;44;31m▌[38;2;250;218;151m[48;2;249;214;141m▝[38;2;252;228;170m[48;2;251;221;158m▝[38;2;253;233;183m[48;2;252;228;171m▀[38;2;254;238;192m[48;2;253;231;178m▀[38;2;254;236;189m[48;2;253;230;175m▀[38;2;253;232;179m[48;2;252;225;166m▘[38;2;251;223;161m[48;2;250;217;149m▘[38;2;75;33;24m[48;2;94;42;30m▛[38;2;83;37;26m[48;2;92;41;29m▀[38;2;81;36;26m[48;2;95;43;31m▀[38;2;81;37;26m[48;2;87;38;27m▀[38;2;72;32;23m[48;2;92;42;30m▛[38;2;250;218;151m[48;2;249;214;141m▝[38;2;252;228;170m[48;2;251;221;158m▝[38;2;253;233;183m[48;2;252;228;171m▀[38;2;254;238;192m[48;2;253;231;178m▀[38;2;254;236;189m[48;2;253;230;175m▀[38;2;253;232;179m[48;2;252;225;166m▘[38;2;251;223;161m[48;2;250;217;149m▘[38;2;69;31;22m[48;2;90;41;29m▛[38;2;78;35;25m[48;2;85;38;27m▀[38;2;75;34;24m[48;2;84;38;27m▀[38;2;73;33;23m[48;2;83;37;26m▀[38;2;66;30;21m[48;2;76;34;24m▌[38;2;72;32;23m[48;2;83;37;26m▀[38;2;44;72;85m[48;2;45;73;86m▀▀▀▀▀▀▀▀▀▀▀▀▀▀▀▀▀▀▀▀▀▀▀▀▀▀▀▀▀▀▀▀▀▀▀▀▀▀▀▀▀▀▀▀▀▀▀▀▀▀▀▀▀▀[0m
[38;2;112;50;35m[48;2;128;58;41m▀[38;2;114;52;36m[48;2;127;57;40m▀[38;2;120;54;38m[48;2;99;45;32m▌[38;2;112;51;36m[48;2;122;55;39m▀[38;2;165;121;101m[48;2;118;53;38m▝[38;2;164;121;100m[48;2;126;57;40m▀[38;2;157;118;98m[48;2;106;47;34m▀[38;2;161;119;99m[48;2;125;57;40m▀[38;2;161;119;99m[48;2;120;54;38m▀[38;2;163;121;100m[48;2;118;52;37m▀[38;2;153;115;97m[48;2;109;50;35m▀[38;2;161;119;99m[48;2;117;52;37m▀[38;2;162;120;100m[48;2;114;52;36m▘[38;2;107;49;34m[48;2;119;54;38m▀[38;2;114;52;37m[48;2;92;42;29m▌[38;2;105;47;33m[48;2;120;55;39m▀[38;2;162;120;100m[48;2;112;50;36m▝[38;2;157;117;98m[48;2;114;51;36m▀[38;2;151;114;96m[48;2;100;45;32m▀[38;2;160;119;99m[48;2;117;53;38m▀[38;2;155;116;97m[48;2;113;51;36m▀[38;2;158;118;98m[48;2;112;50;36m▀[38;2;150;115;96m[48;2;97;43;31m▀[38;2;152;115;96m[48;2;112;50;36m▀[38;2;155;116;97m[48;2;106;48;34m▘[38;2;98;44;31m[48;2;109;49;35m▀[38;2;104;47;33m[48;2;84;37;27m▌[38;2;92;40;29m[48;2;104;46;33m▀[38;2;157;118;98m[48;2;105;48;34m▝[38;2;154;116;97m[48;2;109;49;35m▀[38;2;149;114;96m[48;2;95;43;30m▀[38;2;153;115;97m[48;2;102;45;32m▀[38;2;154;116;97m[48;2;105;48;34m▀[38;2;153;116;97m[48;2;104;47;33m▀[38;2;147;113;95m[48;2;92;41;29m▀[38;2;153;116;97m[48;2;101;45;32m▀[38;2;150;114;96m[48;2;98;44;31m▘[38;2;89;40;28m[48;2;103;47;33m▀[38;2;98;44;31m[48;2;76;34;24m▌[38;2;87;39;27m[48;2;102;46;32m▀[38;2;151;115;96m[48;2;96;43;30m▝[38;2;148;113;95m[48;2;99;45;32m▀[38;2;143;111;94m[48;2;88;40;28m▀[38;2;148;113;95m[48;2;99;45;32m▀[38;2;149;114;95m[48;2;97;44;31m▀[38;2;148;113;95m[48;2;95;43;30m▀[38;2;145;112;94m[48;2;86;39;28m▀[38;2;147;113;95m[48;2;96;44;31m▀[38;2;148;113;95m[48;2;89;40;28m▘[38;2;81;36;26m[48;2;94;43;30m▀[38;2;98;45;32m[48;2;74;33;23m▖[38;2;78;34;25m[48;2;93;42;30m▀[38;2;145;112;94m[48;2;89;40;28m▝[38;2;145;112;94m[48;2;93;43;30m▀[38;2;142;111;93m[48;2;76;33;24m▀[38;2;148;114;95m[48;2;89;40;28m▀[38;2;146;113;95m[48;2;86;38;27m▀[38;2;146;113;95m[48;2;88;40;28m▀[38;2;139;109;92m[48;2;79;36;25m▀[38;2;141;110;93m[48;2;85;38;27m▀[38;2;145;112;94m[48;2;79;35;25m▘[38;2;76;34;24m[48;2;87;40;28m▀[38;2;79;35;25m[48;2;65;29;21m▌[38;2;74;33;24m[48;2;86;39;27m▀[38;2;71;31;22m[48;2;82;37;26m▀[38;2;74;34;24m[48;2;83;38;27m▀[38;2;47;75;87m[48;2;48;76;88m▀▀▀▀▀▀▀▀▀▀▀▀▀▀▀▀▀▀▀▀▀▀▀▀▀▀▀▀▀▀▀▀▀▀▀▀▀▀▀▀▀▀▀▀▀▀▀▀▀▀▀▀▀▀[0m
[38;2;90;42;30m[48;2;110;51;36m▀[38;2;91;42;30m[48;2;105;47;34m▛[38;2;90;42;30m[48;2;107;49;35m▀[38;2;90;42;30m[48;2;108;49;35m▀[38;2;90;42;30m[48;2;109;50;36m▀[38;2;91;42;30m[48;2;109;50;35m▛[38;2;90;42;30m[48;2;107;49;35m▀[38;2;90;42;30m[48;2;106;49;34m▀[38;2;90;42;30m[48;2;102;46;33m▀[38;2;90;42;30m[48;2;99;45;32m▀[38;2;90;42;30m[48;2;105;48;34m▀[38;2;90;42;30m[48;2;106;49;35m▀[38;2;90;42;30m[48;2;107;49;35m▀[38;2;90;41;30m[48;2;104;48;34m▛[38;2;90;42;30m[48;2;104;48;34m▀[38;2;90;42;30m[48;2;103;47;34m▀[38;2;90;42;30m[48;2;100;45;32m▀[38;2;90;42;30m[48;2;103;47;33m▛[38;2;90;42;30m[48;2;101;46;33m▀[38;2;90;42;30m[48;2;105;49;34m▀[38;2;90;42;30m[48;2;101;46;33m▀[38;2;89;41;29m[48;2;104;48;34m▛[38;2;90;42;30m[48;2;101;46;33m▀[38;2;90;42;30m[48;2;102;47;33m▀▀[38;2;90;42;30m[48;2;96;43;31m▛[38;2;90;42;30m[48;2;98;44;32m▀[38;2;90;42;30m[48;2;98;45;32m▀[38;2;90;42;30m[48;2;100;46;33m▀[38;2;89;41;29m[48;2;100;46;33m▛[38;2;90;42;30m[48;2;97;44;31m▀[38;2;90;42;30m[48;2;100;46;33m▀[38;2;90;42;30m[48;2;99;46;32m▀[38;2;89;41;29m[48;2;100;46;33m▛[38;2;90;42;30m[48;2;94;42;30m▀[38;2;90;42;30m[48;2;95;43;31m▀[38;2;90;42;30m[48;2;96;44;31m▀[38;2;82;37;27m[48;2;92;42;30m▖[38;2;90;42;30m[48;2;93;42;30m▀[38;2;96;44;31m[48;2;91;42;30m▖[38;2;91;42;30m[48;2;97;45;32m▛[38;2;86;40;28m[48;2;91;42;30m▖[38;2;90;42;30m[48;2;93;43;30m▀[38;2;95;44;31m[48;2;90;42;30m▖[38;2;90;42;30m[48;2;91;41;29m▀[38;2;81;37;27m[48;2;90;41;30m▖[38;2;89;40;29m[48;2;91;42;30m▖[38;2;95;44;31m[48;2;90;42;30m▖[38;2;15;17;21m[48;2;15;17;21m█[38;2;53;30;26m[48;2;87;40;28m▀[38;2;53;30;26m[48;2;91;42;30m▀[38;2;53;30;26m[48;2;88;40;29m▀[38;2;53;30;26m[48;2;92;42;30m▀[38;2;53;30;26m[48;2;86;39;28m▀[38;2;53;30;26m[48;2;90;41;29m▀[38;2;53;30;26m[48;2;88;40;29m▀[38;2;53;30;26m[48;2;91;42;30m▀[38;2;53;30;26m[48;2;85;39;28m▀[38;2;53;30;26m[48;2;86;39;28m▀[38;2;53;30;26m[48;2;88;40;29m▀[38;2;53;30;26m[48;2;86;39;28m▀[38;2;53;30;26m[48;2;82;38;27m▀[38;2;53;30;26m[48;2;87;40;28m▀[38;2;53;30;26m[48;2;86;40;28m▀▀[38;2;15;17;21m[48;2;15;17;21m█[38;2;50;78;90m[48;2;51;79;91m▀▀▀▀▀▀▀▀▀▀▀▀▀▀▀▀▀▀▀▀▀▀▀▀▀▀▀▀▀▀▀▀▀▀▀▀▀▀▀▀▀▀▀▀▀▀▀▀▀▀▀▀▀▀[0m
[38;2;112;50;36m[48;2;124;55;39m▀[38;2;115;51;36m[48;2;126;57;40m▛[38;2;126;57;40m[48;2;116;52;37m▖[38;2;119;54;38m[48;2;97;44;31m▌[38;2;124;56;40m[48;2;112;50;35m▖[38;2;109;49;35m[48;2;124;56;40m▀[38;2;112;51;36m[48;2;125;57;40m▀[38;2;112;50;35m[48;2;92;41;29m▌[38;2;108;49;35m[48;2;120;54;38m▀[38;2;123;56;39m[48;2;112;50;36m▖[38;2;108;49;34m[48;2;121;55;39m▀[38;2;116;53;37m[48;2;95;43;30m▌[38;2;107;49;34m[48;2;120;54;38m▀[38;2;102;46;32m[48;2;112;49;35m▀[38;2;106;48;34m[48;2;117;53;37m▀[38;2;109;49;35m[48;2;89;40;28m▌[38;2;100;45;32m[48;2;115;51;36m▀[38;2;103;46;33m[48;2;115;52;37m▀[38;2;100;45;32m[48;2;115;52;37m▀[38;2;111;51;36m[48;2;91;41;29m▌[38;2;99;45;32m[48;2;110;49;35m▀[38;2;97;43;31m[48;2;113;51;36m▀[38;2;100;46;32m[48;2;111;50;35m▀[38;2;102;45;32m[48;2;86;39;27m▌[38;2;98;44;31m[48;2;110;50;35m▀[38;2;101;46;33m[48;2;107;48;34m▀[38;2;95;43;30m[48;2;108;48;34m▀[38;2;107;48;34m[48;2;87;39;28m▖[38;2;93;42;30m[48;2;104;47;33m▝[38;2;96;44;31m[48;2;103;46;33m▀[38;2;90;40;28m[48;2;101;45;32m▝[38;2;100;45;32m[48;2;81;37;26m▌[38;2;93;42;30m[48;2;102;45;32m▀[38;2;89;39;28m[48;2;101;45;32m▀[38;2;90;40;28m[48;2;103;47;33m▀[38;2;99;45;32m[48;2;81;37;26m▌[38;2;89;40;28m[48;2;100;45;32m▀[38;2;88;39;28m[48;2;103;47;33m▀[38;2;86;38;27m[48;2;102;47;33m▀[38;2;102;47;33m[48;2;80;36;25m▖[38;2;89;41;29m[48;2;94;42;30m▀[38;2;86;38;27m[48;2;97;44;31m▀[38;2;89;41;29m[48;2;95;42;30m▀[38;2;93;42;30m[48;2;75;34;24m▌[38;2;83;37;26m[48;2;93;42;30m▝[38;2;86;39;28m[48;2;95;43;30m▀[38;2;86;39;28m[48;2;94;43;30m▀[38;2;90;41;29m[48;2;73;33;23m▌[38;2;15;17;21m[48;2;15;17;21m█[38;2;81;36;26m[48;2;15;17;21m▀[38;2;84;38;27m[48;2;15;17;21m▀[38;2;77;35;24m[48;2;15;17;21m▀[38;2;82;37;26m[48;2;15;17;21m▀[38;2;81;37;26m[48;2;15;17;21m▀[38;2;79;35;25m[48;2;15;17;21m▀[38;2;75;34;24m[48;2;15;17;21m▀[38;2;78;35;25m[48;2;15;17;21m▀[38;2;76;34;24m[48;2;15;17;21m▀[38;2;79;36;26m[48;2;15;17;21m▀[38;2;71;32;23m[48;2;15;17;21m▀[38;2;78;36;25m[48;2;15;17;21m▀[38;2;74;33;23m[48;2;15;17;21m▀[38;2;74;33;24m[48;2;15;17;21m▀[38;2;67;30;21m[48;2;15;17;21m▀[38;2;71;32;22m[48;2;15;17;21m▀[38;2;15;17;21m[48;2;15;17;21m█[38;2;52;81;92m[48;2;54;82;94m▀▀▀▀▀▀▀▀▀▀▀▀▀▀▀▀▀▀▀▀▀▀▀▀▀▀▀▀▀▀▀▀▀▀▀▀▀▀▀▀▀▀▀▀▀▀▀▀▀▀▀▀▀▀[0m
[38;2;108;48;34m[48;2;125;56;40m▀[38;2;108;48;34m[48;2;128;58;41m▀[38;2;98;44;31m[48;2;120;55;38m▌[38;2;108;48;34m[48;2;122;55;39m▀[38;2;114;52;37m[48;2;126;58;41m▀[38;2;112;50;35m[48;2;122;55;39m▛[38;2;95;43;30m[48;2;114;51;36m▌[38;2;114;52;37m[48;2;76;50;49m▛[38;2;109;50;35m[48;2;79;52;50m▀[38;2;106;48;34m[48;2;79;53;50m▀[38;2;92;41;29m[48;2;115;53;37m▌[38;2;101;45;32m[48;2;124;57;40m▀[38;2;106;47;34m[48;2;122;56;39m▛[38;2;104;47;33m[48;2;119;54;38m▀[38;2;93;42;30m[48;2;109;49;35m▌[38;2;105;48;34m[48;2;118;54;38m▀[38;2;99;44;31m[48;2;115;52;37m▀[38;2;103;47;33m[48;2;111;49;35m▀[38;2;94;42;30m[48;2;113;51;36m▛[38;2;105;47;33m[48;2;180;129;80m▛[38;2;100;45;32m[48;2;180;129;81m▀[38;2;103;47;33m[48;2;179;128;80m▀[38;2;87;40;28m[48;2;104;47;33m▌[38;2;101;46;33m[48;2;111;51;36m▀[38;2;98;44;31m[48;2;109;49;35m▀[38;2;97;44;31m[48;2;108;49;34m▀[38;2;82;36;26m[48;2;101;46;32m▌[38;2;95;42;30m[48;2;110;50;35m▛[38;2;99;46;32m[48;2;105;47;33m▀[38;2;92;41;29m[48;2;106;48;34m▀[38;2;84;38;27m[48;2;102;46;32m▛[38;2;95;42;30m[48;2;74;50;48m▛[38;2;95;43;30m[48;2;71;49;47m▀[38;2;93;42;30m[48;2;69;47;46m▀[38;2;79;35;25m[48;2;97;44;31m▌[38;2;90;40;29m[48;2;97;44;31m▘[38;2;91;41;29m[48;2;103;47;33m▛[38;2;89;40;28m[48;2;99;45;32m▀[38;2;84;38;27m[48;2;105;48;34m▛[38;2;89;40;28m[48;2;95;42;30m▀[38;2;88;39;28m[48;2;103;48;33m▛[38;2;85;38;27m[48;2;92;40;29m▀[38;2;74;33;24m[48;2;94;43;30m▌[38;2;91;41;29m[48;2;67;47;46m▛[38;2;84;38;27m[48;2;66;46;46m▀[38;2;83;37;26m[48;2;63;44;44m▀[38;2;75;34;24m[48;2;91;42;29m▌[38;2;81;36;26m[48;2;91;41;29m▀[38;2;80;36;25m[48;2;93;42;29m▀[38;2;82;37;26m[48;2;93;42;30m▀[38;2;69;30;22m[48;2;84;37;27m▌[38;2;90;41;29m[48;2;83;37;26m▖[38;2;78;35;25m[48;2;93;42;30m▀[38;2;77;34;24m[48;2;87;39;28m▝[38;2;69;31;22m[48;2;87;40;28m▌[38;2;81;37;26m[48;2;60;43;43m▛[38;2;76;34;24m[48;2;62;45;44m▀[38;2;73;32;23m[48;2;62;45;44m▀[38;2;66;29;21m[48;2;81;36;26m▌[38;2;76;34;24m[48;2;83;37;26m▀[38;2;76;35;24m[48;2;86;39;27m▀[38;2;73;32;23m[48;2;81;36;26m▀[38;2;67;30;21m[48;2;49;27;24m▛[38;2;72;32;23m[48;2;23;19;21m▘[38;2;15;17;21m[48;2;63;31;24m▀[38;2;74;33;24m[48;2;85;39;27m▛[38;2;55;84;95m[48;2;56;85;96m▀▀▀▀▀▀▀▀▀▀▀▀▀▀▀▀▀▀▀▀▀▀▀▀▀▀▀▀▀▀▀▀▀▀▀▀▀▀▀▀▀▀▀▀▀▀▀▀▀▀▀▀▀▀[0m
[38;2;125;57;40m[48;2;95;42;30m▌[38;2;110;50;35m[48;2;123;55;39m▀[38;2;111;50;35m[48;2;127;58;41m▀[38;2;111;50;35m[48;2;120;54;38m▀[38;2;119;54;38m[48;2;94;42;30m▌[38;2;110;49;35m[48;2;36;47;58m▛[38;2;66;45;45m[48;2;36;48;58m▘[38;2;37;49;60m[48;2;36;47;58m▀▀▀▀[38;2;102;45;32m[48;2;45;46;53m▝[38;2;119;54;38m[48;2;95;43;30m▖[38;2;104;46;33m[48;2;118;53;38m▛[38;2;119;55;38m[48;2;107;48;34m▖[38;2;108;50;35m[48;2;118;54;38m▀[38;2;105;47;33m[48;2;87;39;28m▌[38;2;105;47;33m[48;2;248;208;129m▛[38;2;166;122;77m[48;2;248;210;133m▘[38;2;248;209;131m[48;2;249;215;144m▀[38;2;248;210;133m[48;2;250;217;148m▀[38;2;248;210;132m[48;2;250;216;146m▀[38;2;248;208;129m[48;2;249;213;140m▀[38;2;133;84;54m[48;2;248;209;132m▀[38;2;113;52;36m[48;2;86;38;27m▖[38;2;97;44;31m[48;2;108;49;34m▀[38;2;91;40;29m[48;2;106;47;34m▀[38;2;96;44;31m[48;2;107;49;34m▀[38;2;108;49;34m[48;2;86;39;28m▖[38;2;98;44;31m[48;2;36;47;58m▛[38;2;58;42;42m[48;2;36;48;58m▘[38;2;37;49;60m[48;2;36;47;58m▀▀▀▀[38;2;89;40;28m[48;2;43;45;52m▝[38;2;95;43;30m[48;2;81;37;26m▌[38;2;91;42;29m[48;2;99;44;31m▀[38;2;87;39;28m[48;2;100;45;32m▀[38;2;86;38;27m[48;2;101;46;32m▀[38;2;97;43;31m[48;2;80;36;25m▖[38;2;91;42;29m[48;2;36;47;58m▛[38;2;57;42;42m[48;2;36;48;58m▘[38;2;37;49;60m[48;2;36;47;58m▀▀▀▀[38;2;86;40;28m[48;2;42;45;52m▝[38;2;88;40;28m[48;2;70;31;22m▌[38;2;82;37;26m[48;2;94;43;30m▀[38;2;79;35;25m[48;2;94;43;30m▀[38;2;82;37;26m[48;2;93;43;30m▛[38;2;90;41;29m[48;2;73;33;23m▖[38;2;82;37;26m[48;2;36;47;58m▛[38;2;51;38;40m[48;2;36;48;58m▘[38;2;37;49;60m[48;2;36;47;58m▀▀▀▀[38;2;74;33;23m[48;2;41;44;52m▝[38;2;74;33;23m[48;2;41;24;21m▛[38;2;75;34;24m[48;2;23;19;21m▘[38;2;15;17;21m[48;2;64;31;24m▀[38;2;46;25;22m[48;2;79;36;25m▘[38;2;78;36;25m[48;2;63;29;20m▌[38;2;72;33;23m[48;2;83;38;27m▀[38;2;58;87;98m[48;2;59;88;99m▀▀▀▀▀▀▀▀▀▀▀▀▀▀▀▀▀▀▀▀▀▀▀▀▀▀▀▀▀▀▀▀▀▀▀▀▀▀▀▀▀▀▀▀▀▀▀▀▀▀▀▀▀▀[0m
[38;2;112;51;36m[48;2;129;59;41m▀[38;2;113;50;36m[48;2;127;58;41m▛[38;2;128;59;41m[48;2;115;52;37m▖[38;2;96;43;31m[48;2;116;52;37m▌[38;2;126;58;41m[48;2;112;50;36m▖[38;2;35;45;55m[48;2;34;43;53m▀▀▀▀▀▀▀[38;2;103;46;33m[48;2;118;54;38m▀[38;2;101;45;32m[48;2;119;54;38m▀[38;2;102;46;32m[48;2;114;51;36m▀[38;2;93;42;30m[48;2;104;46;33m▌[38;2;99;44;31m[48;2;116;53;37m▀[38;2;248;211;136m[48;2;250;216;146m▛[38;2;250;218;150m[48;2;251;224;164m▛[38;2;251;222;160m[48;2;253;230;175m▀[38;2;252;225;166m[48;2;253;233;183m▀[38;2;251;224;164m[48;2;253;232;180m▀[38;2;250;220;154m[48;2;252;226;168m▀[38;2;250;220;155m[48;2;249;215;143m▖[38;2;93;41;29m[48;2;109;49;35m▀[38;2;99;45;32m[48;2;108;49;34m▀[38;2;93;41;29m[48;2;105;47;33m▀[38;2;87;39;28m[48;2;105;47;33m▛[38;2;92;41;29m[48;2;109;50;35m▀[38;2;35;45;55m[48;2;34;43;53m▀▀▀▀▀▀▀[38;2;88;40;28m[48;2;100;45;32m▀[38;2;85;38;27m[48;2;99;45;32m▀[38;2;91;41;29m[48;2;100;46;32m▀[38;2;81;37;26m[48;2;100;46;32m▛[38;2;88;40;28m[48;2;93;41;29m▀[38;2;35;45;55m[48;2;34;43;53m▀▀▀▀▀▀▀[38;2;82;37;26m[48;2;90;40;29m▀[38;2;83;38;27m[48;2;86;38;27m▀[38;2;80;36;25m[48;2;94;43;30m▀[38;2;73;33;23m[48;2;91;41;29m▛[38;2;93;43;30m[48;2;79;35;25m▖[38;2;35;45;55m[48;2;34;43;53m▀▀▀▀▀[38;2;35;45;55m[48;2;25;30;37m▛[38;2;30;38;47m[48;2;15;17;21m▀[38;2;15;17;21m[48;2;68;34;26m▀[38;2;46;25;22m[48;2;80;36;26m▘[38;2;86;39;28m[48;2;76;35;24m▖[38;2;66;30;21m[48;2;85;39;27m▛[38;2;69;31;22m[48;2;84;38;27m▀[38;2;71;32;23m[48;2;80;36;26m▀[38;2;60;90;100m[48;2;62;91;102m▀▀▀▀▀▀▀▀▀▀▀▀▀▀▀▀▀▀▀▀▀▀▀▀▀▀▀▀▀▀▀▀▀▀▀▀▀▀▀▀▀▀▀▀▀▀▀▀▀▀▀▀▀▀[0m
[38;2;108;48;34m[48;2;127;58;41m▀[38;2;125;57;40m[48;2;99;44;31m▖[38;2;109;49;35m[48;2;120;53;38m▀[38;2;106;47;33m[48;2;125;57;40m▀[38;2;109;49;35m[48;2;124;56;40m▀[38;2;33;42;51m[48;2;32;40;49m▀▀▀▀▀▀▀[38;2;108;49;34m[48;2;118;54;38m▛[38;2;111;51;36m[48;2;88;39;28m▌[38;2;103;47;33m[48;2;114;51;36m▀[38;2;99;44;31m[48;2;115;52;37m▀[38;2;97;43;30m[48;2;114;51;36m▀[38;2;249;215;143m[48;2;250;219;153m▌[38;2;251;224;163m[48;2;252;229;173m▌[38;2;253;233;183m[48;2;254;237;190m▌[38;2;255;239;195m[48;2;255;240;197m▀[38;2;255;239;195m[48;2;254;237;190m▌[38;2;253;233;183m[48;2;252;229;173m▌[38;2;251;224;163m[48;2;250;219;153m▌[38;2;96;43;30m[48;2;107;48;34m▀[38;2;111;51;36m[48;2;89;40;28m▖[38;2;94;42;30m[48;2;107;49;34m▀[38;2;92;41;29m[48;2;106;48;34m▀[38;2;96;43;31m[48;2;107;49;34m▀[38;2;33;42;51m[48;2;32;40;49m▀▀▀▀▀▀▀[38;2;85;38;27m[48;2;101;46;32m▀[38;2;94;42;30m[48;2;77;35;25m▌[38;2;89;41;29m[48;2;101;46;33m▀[38;2;89;41;29m[48;2;98;44;31m▀[38;2;87;39;28m[48;2;95;43;30m▀[38;2;33;42;51m[48;2;32;40;49m▀▀▀▀▀▀▀[38;2;84;38;27m[48;2;92;42;29m▀[38;2;85;37;27m[48;2;72;32;23m▖[38;2;79;35;25m[48;2;89;40;28m▀[38;2;81;37;26m[48;2;90;41;29m▀[38;2;79;36;25m[48;2;86;38;27m▀[38;2;33;42;51m[48;2;32;40;49m▀▀▀[38;2;33;41;50m[48;2;24;29;35m▛[38;2;29;36;44m[48;2;15;17;21m▀[38;2;15;17;21m[48;2;28;34;42m▀[38;2;24;29;36m[48;2;32;40;50m▘[38;2;77;35;25m[48;2;84;38;27m▀[38;2;76;34;24m[48;2;64;29;20m▌[38;2;72;32;23m[48;2;83;38;27m▀[38;2;70;31;22m[48;2;84;38;27m▀[38;2;71;32;23m[48;2;75;33;23m▀[38;2;73;33;23m[48;2;61;27;19m▌[38;2;63;93;103m[48;2;65;94;104m▀▀▀▀▀▀▀▀▀▀▀▀▀▀▀▀▀▀▀▀▀▀▀▀▀▀▀▀▀▀▀▀▀▀▀▀▀▀▀▀▀▀▀▀▀▀▀▀▀▀▀▀▀▀[0m
[38;2;102;46;33m[48;2;118;52;37m▛[38;2;107;48;34m[48;2;126;57;40m▀[38;2;112;51;36m[48;2;125;57;40m▀[38;2;127;58;41m[48;2;110;49;35m▖[38;2;92;41;29m[48;2;114;51;36m▌[38;2;31;38;47m[48;2;30;36;45m▀▀▀▀▀▀▀[38;2;91;41;29m[48;2;112;51;36m▌[38;2;101;45;32m[48;2;115;52;37m▀[38;2;99;44;31m[48;2;118;54;38m▀[38;2;103;46;33m[48;2;114;52;37m▛[38;2;86;38;27m[48;2;110;50;35m▌[38;2;250;218;150m[48;2;249;213;140m▝[38;2;252;227;169m[48;2;251;221;156m▝[38;2;253;233;181m[48;2;252;226;168m▀[38;2;254;237;190m[48;2;252;230;175m▀[38;2;254;235;187m[48;2;252;228;172m▀[38;2;252;229;173m[48;2;251;223;161m▀[38;2;251;222;159m[48;2;250;217;147m▘[38;2;82;37;26m[48;2;102;46;33m▌[38;2;96;43;30m[48;2;100;45;32m▝[38;2;93;41;29m[48;2;109;50;35m▀[38;2;93;42;30m[48;2;106;48;34m▀[38;2;82;36;26m[48;2;103;46;33m▛[38;2;31;38;47m[48;2;30;36;45m▀▀▀▀▀▀▀[38;2;76;34;24m[48;2;94;42;30m▌[38;2;87;39;28m[48;2;99;45;32m▀[38;2;84;37;26m[48;2;96;44;31m▝[38;2;100;46;32m[48;2;89;40;28m▖[38;2;76;34;24m[48;2;92;42;29m▌[38;2;31;38;47m[48;2;30;36;45m▀▀▀▀▀▀▀[38;2;71;32;22m[48;2;85;38;27m▌[38;2;81;37;26m[48;2;90;41;29m▀[38;2;80;36;26m[48;2;92;42;29m▀[38;2;79;36;25m[48;2;90;41;29m▀[38;2;71;32;23m[48;2;90;41;29m▛[38;2;31;38;47m[48;2;30;36;45m▀[38;2;31;37;46m[48;2;23;27;33m▛[38;2;27;33;41m[48;2;15;17;21m▀[38;2;15;17;21m[48;2;26;31;39m▀[38;2;23;27;34m[48;2;30;37;45m▘[38;2;31;38;47m[48;2;30;36;45m▀▀[38;2;64;29;20m[48;2;75;33;23m▌[38;2;73;33;23m[48;2;82;37;26m▀[38;2;71;32;22m[48;2;78;35;25m▀[38;2;82;37;26m[48;2;73;32;23m▖[38;2;61;27;19m[48;2;73;33;23m▌[38;2;71;32;23m[48;2;75;33;23m▀[38;2;66;96;106m[48;2;67;97;107m▀▀▀▀▀▀▀▀▀▀▀▀▀▀▀▀▀▀▀▀▀▀▀▀▀▀▀▀▀▀▀▀▀▀▀▀▀▀▀▀▀[38;2;66;96;106m[48;2;54;72;82m▀[38;2;66;96;106m[48;2;67;97;107m▀▀▀▀▀▀▀▀▀▀▀▀[0m
[38;2;110;49;35m[48;2;124;56;40m▀[38;2;105;46;33m[48;2;123;56;39m▀[38;2;129;60;42m[48;2;99;44;31m▖[38;2;108;49;34m[48;2;119;53;38m▀[38;2;111;50;35m[48;2;162;120;100m▛[38;2;29;34;43m[48;2;161;120;99m▀[38;2;29;34;43m[48;2;155;117;97m▀[38;2;29;34;43m[48;2;161;119;99m▀[38;2;29;34;43m[48;2;162;120;100m▀[38;2;29;34;43m[48;2;159;118;99m▀[38;2;29;34;43m[48;2;151;114;96m▀[38;2;29;34;43m[48;2;156;117;98m▀[38;2;155;116;97m[48;2;108;49;35m▖[38;2;102;46;33m[48;2;113;50;36m▀[38;2;108;49;34m[48;2;86;38;27m▌[38;2;101;45;32m[48;2;115;52;37m▀[38;2;104;47;33m[48;2;156;117;98m▛[38;2;248;209;131m[48;2;157;118;98m▀[38;2;249;214;142m[48;2;151;115;96m▀[38;2;250;219;151m[48;2;153;115;97m▀[38;2;251;221;157m[48;2;155;116;97m▀[38;2;250;220;155m[48;2;154;116;97m▀[38;2;250;216;147m[48;2;150;114;96m▀[38;2;249;211;136m[48;2;154;116;97m▀[38;2;153;115;97m[48;2;100;45;32m▖[38;2;92;41;29m[48;2;110;50;35m▀[38;2;101;46;32m[48;2;83;38;27m▌[38;2;92;41;29m[48;2;107;49;34m▀[38;2;95;42;30m[48;2;156;118;98m▛[38;2;29;34;43m[48;2;154;117;97m▀[38;2;29;34;43m[48;2;145;112;94m▀[38;2;29;34;43m[48;2;148;113;95m▀[38;2;29;34;43m[48;2;154;116;97m▀[38;2;29;34;43m[48;2;153;116;97m▀[38;2;29;34;43m[48;2;146;113;95m▀[38;2;29;34;43m[48;2;153;116;97m▀[38;2;148;113;95m[48;2;92;42;29m▖[38;2;85;38;27m[48;2;98;44;31m▀[38;2;100;46;32m[48;2;80;36;25m▖[38;2;88;40;28m[48;2;98;44;31m▀[38;2;87;39;27m[48;2;145;111;94m▛[38;2;29;34;43m[48;2;151;115;96m▀[38;2;29;34;43m[48;2;140;109;92m▀[38;2;29;34;43m[48;2;146;112;94m▀[38;2;29;34;43m[48;2;148;113;95m▀[38;2;29;34;43m[48;2;146;112;94m▀[38;2;29;34;43m[48;2;141;110;93m▀[38;2;29;34;43m[48;2;146;113;95m▀[38;2;142;110;93m[48;2;84;38;27m▖[38;2;80;36;26m[48;2;90;41;29m▀[38;2;89;40;28m[48;2;71;32;22m▖[38;2;79;36;25m[48;2;89;40;28m▀[38;2;81;36;26m[48;2;108;101;91m▛[38;2;25;30;37m[48;2;15;17;21m▀[38;2;27;21;22m[48;2;136;108;91m▛[38;2;25;30;37m[48;2;143;111;94m▀[38;2;29;34;43m[48;2;144;112;94m▀[38;2;29;34;43m[48;2;143;111;93m▀[38;2;29;34;43m[48;2;139;110;92m▀[38;2;29;34;43m[48;2;140;109;92m▀[38;2;140;110;93m[48;2;76;34;24m▖[38;2;75;34;24m[48;2;81;36;26m▀[38;2;82;38;26m[48;2;64;29;20m▖[38;2;70;31;22m[48;2;78;35;25m▀[38;2;72;33;23m[48;2;79;36;25m▀[38;2;69;31;22m[48;2;80;37;26m▀[38;2;69;98;108m[48;2;70;100;110m▀▀▀▀▀▀▀▀▀▀▀▀▀▀▀▀▀▀▀▀▀▀▀▀▀▀▀▀▀▀▀▀▀▀▀▀▀▀▀▀▀[38;2;42;47;58m[48;2;42;47;58m█[38;2;69;98;108m[48;2;70;100;110m▀▀▀▀▀▀▀▀▀▀▀▀[0m
[38;2;106;47;34m[48;2;118;52;37m▀[38;2;97;44;31m[48;2;114;51;36m▌[38;2;110;49;35m[48;2;129;60;42m▛[38;2;106;48;34m[48;2;123;56;39m▀[38;2;107;48;34m[48;2;122;55;39m▀[38;2;95;43;31m[48;2;110;49;35m▌[38;2;106;48;34m[48;2;116;52;37m▀[38;2;108;49;35m[48;2;120;54;38m▀[38;2;103;46;33m[48;2;114;50;36m▀[38;2;92;41;29m[48;2;116;52;37m▛[38;2;100;44;32m[48;2;114;51;36m▀[38;2;104;47;33m[48;2;109;49;35m▘[38;2;103;46;33m[48;2;118;54;38m▀[38;2;89;40;28m[48;2;104;46;33m▌[38;2;102;46;32m[48;2;110;49;35m▀[38;2;100;45;32m[48;2;112;51;36m▀[38;2;95;42;30m[48;2;106;47;34m▝[38;2;92;42;29m[48;2;110;49;35m▛[38;2;98;44;31m[48;2;115;53;37m▀[38;2;94;42;30m[48;2;111;51;36m▀[38;2;112;51;36m[48;2;102;46;32m▖[38;2;89;40;29m[48;2;114;53;37m▛[38;2;109;49;35m[48;2;100;45;32m▖[38;2;92;41;29m[48;2;107;48;34m▀[38;2;97;44;31m[48;2;107;48;34m▀[38;2;85;39;27m[48;2;101;46;32m▌[38;2;93;42;30m[48;2;105;48;34m▀[38;2;93;42;30m[48;2;103;46;33m▀[38;2;93;42;30m[48;2;104;47;33m▀[38;2;84;38;27m[48;2;104;47;33m▛[38;2;95;43;30m[48;2;103;46;33m▛[38;2;90;40;29m[48;2;101;45;32m▀[38;2;106;49;34m[48;2;94;42;30m▖[38;2;77;34;24m[48;2;94;42;30m▌[38;2;90;41;29m[48;2;99;45;31m▀[38;2;87;39;28m[48;2;101;46;32m▀[38;2;85;38;27m[48;2;95;42;30m▀[38;2;75;34;24m[48;2;94;43;30m▌[38;2;85;38;27m[48;2;94;42;30m▀[38;2;82;36;26m[48;2;97;44;31m▀[38;2;86;39;27m[48;2;92;42;29m▝[38;2;79;36;25m[48;2;94;43;30m▛[38;2;81;36;26m[48;2;95;43;30m▀[38;2;84;38;27m[48;2;94;42;30m▀[38;2;81;37;26m[48;2;94;43;30m▀[38;2;74;33;23m[48;2;92;41;29m▛[38;2;80;36;25m[48;2;88;39;28m▀[38;2;78;35;25m[48;2;89;40;28m▀[38;2;15;17;21m[48;2;15;17;21m█[38;2;46;26;23m[48;2;76;34;24m▀[38;2;84;37;26m[48;2;52;29;25m▖[38;2;51;28;24m[48;2;15;17;21m▘[38;2;15;17;21m[48;2;67;33;25m▀[38;2;45;25;22m[48;2;79;36;25m▀[38;2;49;27;24m[48;2;86;39;27m▀[38;2;51;28;24m[48;2;82;37;26m▀[38;2;48;27;23m[48;2;86;39;28m▀[38;2;44;25;22m[48;2;74;33;24m▀[38;2;49;28;24m[48;2;81;36;25m▀[38;2;49;27;24m[48;2;81;36;26m▀[38;2;48;27;23m[48;2;82;37;26m▀[38;2;43;24;22m[48;2;73;33;23m▀[38;2;48;27;24m[48;2;79;36;25m▀[38;2;49;27;24m[48;2;77;34;24m▀[38;2;47;26;23m[48;2;77;34;24m▀[38;2;15;17;21m[48;2;15;17;21m█[38;2;71;101;111m[48;2;73;103;112m▀▀▀▀▀▀▀▀▀▀▀▀▀▀▀▀▀▀▀▀▀▀▀▀▀▀▀▀▀▀▀▀▀▀▀▀[38;2;72;102;112m[48;2;49;61;71m▌[38;2;56;74;84m[48;2;42;47;58m▀▀▀▀[38;2;42;47;58m[48;2;42;47;58m█[38;2;71;101;111m[48;2;73;103;112m▀▀▀▀▀▀▀▀▀▀▀▀[0m
[38;2;107;48;34m[48;2;124;56;39m▀[38;2;106;47;34m[48;2;125;57;40m▀[38;2;108;48;34m[48;2;126;58;41m▀[38;2;126;58;41m[48;2;97;44;31m▖[38;2;112;50;36m[48;2;127;59;41m▛[38;2;102;45;32m[48;2;120;55;38m▀[38;2;104;46;33m[48;2;121;55;39m▀[38;2;112;51;36m[48;2;91;41;29m▌[38;2;104;47;33m[48;2;116;52;37m▀[38;2;103;46;33m[48;2;116;52;37m▀[38;2;105;47;33m[48;2;116;52;37m▀[38;2;121;56;39m[48;2;92;41;29m▖[38;2;99;44;31m[48;2;110;49;35m▀[38;2;101;45;32m[48;2;117;53;37m▀[38;2;103;47;33m[48;2;112;50;35m▀[38;2;106;48;34m[48;2;86;38;27m▌[38;2;97;43;31m[48;2;114;52;37m▀[38;2;99;45;32m[48;2;113;51;36m▀[38;2;96;43;30m[48;2;109;49;35m▀[38;2;110;49;35m[48;2;88;40;28m▖[38;2;97;44;31m[48;2;110;50;35m▀[38;2;94;42;30m[48;2;111;51;36m▀[38;2;94;42;30m[48;2;110;50;35m▀[38;2;102;46;33m[48;2;81;36;26m▌[38;2;92;41;29m[48;2;107;49;34m▀[38;2;94;42;30m[48;2;106;48;34m▀[38;2;93;42;30m[48;2;109;50;35m▀[38;2;105;48;34m[48;2;85;38;27m▖[38;2;91;41;29m[48;2;102;45;32m▀[38;2;91;41;29m[48;2;104;47;33m▀[38;2;89;40;28m[48;2;104;47;33m▀[38;2;104;47;33m[48;2;82;37;26m▖[38;2;91;41;29m[48;2;99;44;31m▀[38;2;93;42;30m[48;2;105;49;34m▛[38;2;87;39;27m[48;2;99;45;32m▀[38;2;103;47;33m[48;2;80;36;26m▖[38;2;83;37;26m[48;2;94;42;30m▀[38;2;85;38;27m[48;2;95;43;30m▝[38;2;85;38;27m[48;2;92;41;29m▝[38;2;89;40;28m[48;2;76;35;24m▌[38;2;82;36;26m[48;2;96;43;31m▀[38;2;83;37;26m[48;2;92;41;29m▀[38;2;81;36;26m[48;2;93;42;29m▀[38;2;94;43;30m[48;2;79;36;25m▖[38;2;80;36;25m[48;2;90;40;28m▀[38;2;78;34;25m[48;2;91;41;29m▀[38;2;81;37;26m[48;2;91;41;29m▀[38;2;85;38;27m[48;2;70;31;22m▌[38;2;15;17;21m[48;2;15;17;21m█[38;2;81;37;26m[48;2;24;20;21m▘[38;2;15;17;21m[48;2;15;17;21m█[38;2;60;30;23m[48;2;15;17;21m▀[38;2;75;33;24m[48;2;15;17;21m▀[38;2;78;35;25m[48;2;15;17;21m▀[38;2;74;33;24m[48;2;15;17;21m▀[38;2;68;30;21m[48;2;15;17;21m▀[38;2;72;32;23m[48;2;15;17;21m▀[38;2;74;33;23m[48;2;15;17;21m▀[38;2;73;33;23m[48;2;15;17;21m▀[38;2;67;30;21m[48;2;15;17;21m▀[38;2;74;33;24m[48;2;15;17;21m▀[38;2;71;32;23m[48;2;15;17;21m▀[38;2;70;31;22m[48;2;15;17;21m▀[38;2;65;29;21m[48;2;15;17;21m▀[38;2;71;32;23m[48;2;15;17;21m▀[38;2;15;17;21m[48;2;15;17;21m█[38;2;74;104;114m[48;2;75;106;115m▀▀▀▀▀▀▀▀▀▀▀▀▀▀▀▀▀▀[38;2;74;104;114m[48;2;76;106;115m▀▀▀▀▀▀▀▀▀▀▀[38;2;74;104;114m[48;2;75;106;115m▀▀▀▀▀▀▀[38;2;75;105;114m[48;2;42;47;58m▌[38;2;42;47;58m[48;2;42;47;58m█████[38;2;74;104;114m[48;2;75;106;115m▀▀▀▀▀▀▀▀▀▀▀▀[0m
[38;2;106;47;33m[48;2;125;57;40m▀[38;2;109;49;35m[48;2;119;53;38m▀[38;2;100;46;32m[48;2;126;58;41m▛[38;2;110;50;35m[48;2;121;55;39m▀[38;2;103;46;33m[48;2;122;55;39m▀[38;2;109;49;35m[48;2;118;53;37m▛[38;2;94;42;30m[48;2;114;51;36m▛[38;2;110;50;35m[48;2;182;129;80m▛[38;2;109;50;35m[48;2;183;130;82m▀[38;2;104;47;33m[48;2;184;131;82m▀[38;2;93;42;30m[48;2;114;51;36m▛[38;2;100;45;32m[48;2;112;50;36m▀[38;2;104;47;33m[48;2;116;52;37m▀[38;2;103;47;33m[48;2;112;50;36m▀[38;2;88;39;28m[48;2;109;50;35m▌[38;2;101;45;32m[48;2;111;50;35m▀[38;2;99;45;32m[48;2;114;52;37m▀[38;2;104;47;33m[48;2;111;50;35m▛[38;2;88;40;28m[48;2;104;47;33m▌[38;2;99;44;32m[48;2;178;127;79m▛[38;2;94;42;30m[48;2;178;128;80m▀[38;2;98;45;31m[48;2;178;128;80m▀[38;2;82;36;26m[48;2;100;45;32m▌[38;2;96;43;31m[48;2;109;49;35m▀[38;2;98;45;32m[48;2;106;48;34m▀[38;2;97;43;31m[48;2;108;49;35m▛[38;2;79;35;25m[48;2;97;43;31m▌[38;2;98;44;31m[48;2;109;50;35m▛[38;2;106;48;34m[48;2;95;43;30m▖[38;2;90;41;29m[48;2;105;48;34m▀[38;2;78;35;25m[48;2;95;43;30m▌[38;2;94;42;30m[48;2;172;124;77m▛[38;2;88;40;28m[48;2;174;126;79m▀[38;2;90;41;29m[48;2;176;127;79m▀[38;2;74;33;23m[48;2;94;43;30m▌[38;2;86;39;27m[48;2;96;43;30m▀[38;2;89;40;28m[48;2;95;42;30m▀[38;2;85;38;27m[48;2;94;42;30m▀[38;2;79;35;25m[48;2;97;44;31m▛[38;2;89;40;28m[48;2;100;46;32m▛[38;2;82;36;26m[48;2;93;42;29m▀[38;2;82;37;26m[48;2;93;42;30m▀[38;2;76;35;24m[48;2;94;43;30m▛[38;2;86;39;27m[48;2;169;123;76m▛[38;2;81;36;26m[48;2;170;124;77m▀[38;2;81;37;26m[48;2;168;123;76m▀[38;2;73;33;23m[48;2;86;38;27m▛[38;2;81;37;26m[48;2;92;42;29m▀[38;2;80;36;26m[48;2;88;39;28m▀[38;2;77;34;24m[48;2;85;38;27m▀[38;2;15;17;21m[48;2;58;29;23m▀[38;2;78;35;25m[48;2;24;19;21m▝[38;2;48;26;23m[48;2;82;38;26m▖[38;2;76;34;24m[48;2;82;37;26m▝[38;2;69;31;22m[48;2;88;40;28m▛[38;2;79;36;25m[48;2;62;45;45m▛[38;2;73;33;23m[48;2;61;44;44m▀[38;2;74;33;23m[48;2;60;44;44m▀[38;2;66;29;21m[48;2;79;35;25m▛[38;2;72;32;23m[48;2;84;38;27m▀[38;2;69;31;22m[48;2;78;35;25m▝[38;2;73;33;23m[48;2;79;36;25m▀[38;2;65;29;21m[48;2;81;37;26m▛[38;2;70;31;22m[48;2;81;37;26m▀[38;2;68;30;21m[48;2;79;36;25m▀[38;2;65;29;20m[48;2;74;33;24m▘[38;2;77;107;116m[48;2;78;109;118m▀▀▀▀▀▀▀▀▀▀▀▀▀▀▀▀▀▀[38;2;77;107;116m[48;2;79;109;118m▀▀▀▀▀▀▀▀▀▀▀[38;2;77;107;116m[48;2;78;109;118m▀▀▀▀▀▀▀[38;2;77;108;117m[48;2;42;47;58m▌[38;2;42;47;58m[48;2;42;47;58m▀▀███[38;2;77;107;116m[48;2;78;109;118m▀▀▀▀▀▀▀▀▀▀▀▀[0m
[38;2;126;58;41m[48;2;99;44;31m▖[38;2;108;49;34m[48;2;123;56;39m▀[38;2;106;47;33m[48;2;118;53;37m▀[38;2;106;48;34m[48;2;127;59;41m▀[38;2;122;56;39m[48;2;96;43;30m▖[38;2;112;51;36m[48;2;248;208;129m▛[38;2;169;124;78m[48;2;248;210;133m▘[38;2;248;209;131m[48;2;249;215;144m▀[38;2;248;210;133m[48;2;250;217;148m▀[38;2;248;210;132m[48;2;250;216;146m▀[38;2;248;208;129m[48;2;249;213;140m▀[38;2;137;86;56m[48;2;248;209;132m▀[38;2;108;49;34m[48;2;91;41;29m▌[38;2;100;45;32m[48;2;115;52;37m▀[38;2;101;46;32m[48;2;114;52;37m▀[38;2;97;43;31m[48;2;110;50;35m▀[38;2;105;47;33m[48;2;84;37;26m▌[38;2;102;46;32m[48;2;248;208;129m▛[38;2;168;124;78m[48;2;248;210;133m▘[38;2;248;209;131m[48;2;249;215;144m▀[38;2;248;210;133m[48;2;250;217;148m▀[38;2;248;210;132m[48;2;250;216;146m▀[38;2;248;208;129m[48;2;249;213;140m▀[38;2;125;79;52m[48;2;248;209;132m▀[38;2;101;46;32m[48;2;80;36;25m▌[38;2;94;43;30m[48;2;103;46;33m▀[38;2;94;43;30m[48;2;106;48;34m▀[38;2;88;39;28m[48;2;100;45;32m▀[38;2;97;44;31m[48;2;78;35;25m▌[38;2;94;42;30m[48;2;248;208;129m▛[38;2;162;120;75m[48;2;248;210;133m▘[38;2;248;209;131m[48;2;249;215;144m▀[38;2;248;210;133m[48;2;250;217;148m▀[38;2;248;210;132m[48;2;250;216;146m▀[38;2;248;208;129m[48;2;249;213;140m▀[38;2;127;82;53m[48;2;248;209;132m▀[38;2;93;41;29m[48;2;80;36;25m▖[38;2;86;39;27m[48;2;98;45;31m▀[38;2;83;37;26m[48;2;96;43;31m▀[38;2;87;40;28m[48;2;95;43;30m▀[38;2;94;42;30m[48;2;78;35;25m▖[38;2;86;39;28m[48;2;248;208;129m▛[38;2;161;120;75m[48;2;248;210;133m▘[38;2;248;209;131m[48;2;249;215;144m▀[38;2;248;210;133m[48;2;250;217;148m▀[38;2;248;210;132m[48;2;250;216;146m▀[38;2;248;208;129m[48;2;249;213;140m▀[38;2;119;77;50m[48;2;248;209;132m▀[38;2;82;37;26m[48;2;69;31;22m▌[38;2;77;34;24m[48;2;89;41;29m▀[38;2;77;35;24m[48;2;86;38;27m▀[38;2;52;29;25m[48;2;85;39;27m▝[38;2;88;40;28m[48;2;23;19;21m▖[38;2;76;34;24m[48;2;24;20;21m▝[38;2;39;36;40m[48;2;37;48;59m▌[38;2;37;49;60m[48;2;36;47;58m▀▀▀▀[38;2;76;35;24m[48;2;41;44;52m▝[38;2;75;34;24m[48;2;62;28;20m▌[38;2;73;33;23m[48;2;80;36;25m▀[38;2;69;31;22m[48;2;78;35;25m▀[38;2;68;30;21m[48;2;77;34;24m▀[38;2;79;36;25m[48;2;65;29;21m▖[38;2;69;31;22m[48;2;77;35;24m▀[38;2;80;110;119m[48;2;87;114;120m▀▀[38;2;82;111;119m[48;2;42;47;58m▛[38;2;80;110;119m[48;2;42;47;58m▀[38;2;80;110;119m[48;2;87;114;120m▀▀▀▀▀▀▀▀▀[38;2;80;110;119m[48;2;88;114;120m▀▀▀▀[38;2;80;111;119m[48;2;88;114;120m▀[38;2;80;111;119m[48;2;89;114;120m▀[38;2;80;111;119m[48;2;89;115;120m▀[38;2;81;111;119m[48;2;89;115;120m▀▀▀▀▀▀▀[38;2;80;111;119m[48;2;89;114;120m▀[38;2;80;111;119m[48;2;88;114;120m▀[38;2;80;110;119m[48;2;88;114;120m▀▀▀▀▀[38;2;80;110;119m[48;2;87;114;120m▀▀[38;2;83;112;120m[48;2;42;47;58m▌[38;2;42;47;58m[48;2;140;120;81m▀[38;2;42;47;58m[48;2;42;47;58m▀[38;2;193;156;84m[48;2;42;47;58m▝▘[38;2;42;47;58m[48;2;42;47;58m█[38;2;80;110;119m[48;2;87;114;120m▀▀▀▀[38;2;61;78;88m[48;2;42;47;58m▀[38;2;80;110;119m[48;2;87;114;120m▀▀[38;2;83;112;120m[48;2;51;63;73m▌[38;2;61;78;88m[48;2;42;47;58m▀▀▀▀[0m
[38;2;110;50;35m[48;2;119;53;38m▀[38;2;105;47;33m[48;2;117;53;38m▘[38;2;120;54;38m[48;2;106;47;33m▖[38;2;94;42;30m[48;2;112;50;36m▌[38;2;105;47;33m[48;2;124;57;40m▀[38;2;248;211;136m[48;2;250;216;146m▛[38;2;250;218;150m[48;2;251;224;164m▛[38;2;251;222;160m[48;2;253;230;175m▀[38;2;252;225;166m[48;2;253;233;183m▀[38;2;251;224;164m[48;2;253;232;180m▀[38;2;250;220;154m[48;2;252;226;168m▀[38;2;250;220;155m[48;2;249;215;143m▖[38;2;120;55;39m[48;2;103;46;33m▖[38;2;99;44;31m[48;2;112;51;36m▀[38;2;100;45;32m[48;2;114;52;37m▀[38;2;91;41;29m[48;2;109;48;34m▛[38;2;99;45;32m[48;2;109;49;35m▀[38;2;248;211;136m[48;2;250;216;146m▛[38;2;250;218;150m[48;2;251;224;164m▛[38;2;251;222;160m[48;2;253;230;175m▀[38;2;252;225;166m[48;2;253;233;183m▀[38;2;251;224;164m[48;2;253;232;180m▀[38;2;250;220;154m[48;2;252;226;168m▀[38;2;250;220;155m[48;2;249;215;143m▖[38;2;94;43;30m[48;2;105;48;34m▀[38;2;95;43;30m[48;2;105;47;33m▀[38;2;87;38;27m[48;2;99;45;32m▝[38;2;83;37;26m[48;2;105;48;34m▛[38;2;89;39;28m[48;2;101;46;32m▀[38;2;248;211;136m[48;2;250;216;146m▛[38;2;250;218;150m[48;2;251;224;164m▛[38;2;251;222;160m[48;2;253;230;175m▀[38;2;252;225;166m[48;2;253;233;183m▀[38;2;251;224;164m[48;2;253;232;180m▀[38;2;250;220;154m[48;2;252;226;168m▀[38;2;250;220;155m[48;2;249;215;143m▖[38;2;85;38;27m[48;2;97;44;31m▀[38;2;84;38;27m[48;2;96;44;31m▀[38;2;82;36;26m[48;2;94;42;30m▀[38;2;74;34;24m[48;2;92;42;30m▌[38;2;88;40;28m[48;2;95;43;31m▛[38;2;248;211;136m[48;2;250;216;146m▛[38;2;250;218;150m[48;2;251;224;164m▛[38;2;251;222;160m[48;2;253;230;175m▀[38;2;252;225;166m[48;2;253;233;183m▀[38;2;251;224;164m[48;2;253;232;180m▀[38;2;250;220;154m[48;2;252;226;168m▀[38;2;250;220;155m[48;2;249;215;143m▖[38;2;79;36;25m[48;2;86;38;27m▀[38;2;79;36;25m[48;2;86;39;27m▀[38;2;75;33;24m[48;2;83;37;26m▝[38;2;70;31;22m[48;2;87;39;28m▛[38;2;74;33;23m[48;2;84;38;27m▀[38;2;25;31;38m[48;2;34;44;54m▝[38;2;15;17;21m[48;2;29;37;45m▀[38;2;30;38;47m[48;2;15;17;21m▀[38;2;25;30;37m[48;2;35;45;55m▖[38;2;35;45;55m[48;2;34;43;53m▀▀▀[38;2;82;38;27m[48;2;73;33;23m▖[38;2;71;32;23m[48;2;77;35;25m▀[38;2;78;35;25m[48;2;73;33;23m▖[38;2;62;28;20m[48;2;76;34;24m▛[38;2;69;31;22m[48;2;76;34;24m▀[38;2;71;32;23m[48;2;78;35;25m▛[38;2;97;118;122m[48;2;106;122;123m▀▀[38;2;101;120;122m[48;2;42;47;58m▌[38;2;42;47;58m[48;2;42;47;58m▛[38;2;97;118;122m[48;2;106;122;123m▀▀▀[38;2;101;120;122m[48;2;42;47;58m▌[38;2;42;47;58m[48;2;42;47;58m▀▀[38;2;42;47;58m[48;2;43;47;58m▀[38;2;43;47;58m[48;2;43;48;58m▀▀[38;2;43;48;58m[48;2;44;48;58m▀▀[38;2;44;48;58m[48;2;45;49;58m▀[38;2;45;49;58m[48;2;103;121;122m▌[38;2;99;119;121m[48;2;109;123;122m▀[38;2;99;119;121m[48;2;110;124;122m▀▀[38;2;100;119;121m[48;2;111;124;122m▀▀▀▀▀▀[38;2;99;119;121m[48;2;110;124;122m▀▀[38;2;99;119;121m[48;2;109;123;122m▀[38;2;98;119;121m[48;2;109;123;122m▀[38;2;98;119;122m[48;2;108;123;123m▀▀[38;2;97;118;122m[48;2;107;123;123m▀[38;2;97;118;122m[48;2;107;122;123m▀▀[38;2;97;118;122m[48;2;106;122;123m▀[38;2;102;120;122m[48;2;42;47;58m▌[38;2;140;120;81m[48;2;42;47;58m▀[38;2;42;47;58m[48;2;42;47;58m▀▀▀▀[38;2;97;118;122m[48;2;106;122;123m▀▀▀[38;2;100;119;122m[48;2;73;84;90m▛[38;2;42;47;58m[48;2;42;47;58m█[38;2;97;118;122m[48;2;106;122;123m▀▀[38;2;101;120;122m[48;2;42;47;58m▌[38;2;42;47;58m[48;2;42;47;58m████[0m
[38;2;108;49;34m[48;2;119;53;38m▀[38;2;121;55;39m[48;2;95;42;30m▖[38;2;105;47;33m[48;2;120;54;38m▀[38;2;121;55;39m[48;2;108;48;34m▖[38;2;108;48;34m[48;2;122;56;39m▛[38;2;249;215;143m[48;2;250;219;153m▌[38;2;251;224;163m[48;2;252;229;173m▌[38;2;253;233;183m[48;2;254;237;190m▌[38;2;255;239;195m[48;2;255;240;197m▀[38;2;255;239;195m[48;2;254;237;190m▌[38;2;253;233;183m[48;2;252;229;173m▌[38;2;251;224;163m[48;2;250;219;153m▌[38;2;98;44;31m[48;2;114;52;37m▀[38;2;104;47;33m[48;2;85;38;27m▌[38;2;99;44;31m[48;2;113;51;36m▀[38;2;98;44;31m[48;2;111;50;36m▀[38;2;114;52;36m[48;2;101;45;32m▖[38;2;249;215;143m[48;2;250;219;153m▌[38;2;251;224;163m[48;2;252;229;173m▌[38;2;253;233;183m[48;2;254;237;190m▌[38;2;255;239;195m[48;2;255;240;197m▀[38;2;255;239;195m[48;2;254;237;190m▌[38;2;253;233;183m[48;2;252;229;173m▌[38;2;251;224;163m[48;2;250;219;153m▌[38;2;87;38;27m[48;2;100;45;32m▝[38;2;106;48;34m[48;2;84;38;27m▖[38;2;90;40;29m[48;2;103;47;33m▀[38;2;92;42;30m[48;2;104;47;33m▀[38;2;92;42;29m[48;2;106;49;34m▀[38;2;249;215;143m[48;2;250;219;153m▌[38;2;251;224;163m[48;2;252;229;173m▌[38;2;253;233;183m[48;2;254;237;190m▌[38;2;255;239;195m[48;2;255;240;197m▀[38;2;255;239;195m[48;2;254;237;190m▌[38;2;253;233;183m[48;2;252;229;173m▌[38;2;251;224;163m[48;2;250;219;153m▌[38;2;83;37;26m[48;2;95;43;30m▀[38;2;94;43;30m[48;2;77;35;25m▌[38;2;80;35;25m[48;2;93;42;29m▀[38;2;81;36;26m[48;2;94;42;30m▀[38;2;85;39;27m[48;2;93;42;30m▀[38;2;249;215;143m[48;2;250;219;153m▌[38;2;251;224;163m[48;2;252;229;173m▌[38;2;253;233;183m[48;2;254;237;190m▌[38;2;255;239;195m[48;2;255;240;197m▀[38;2;255;239;195m[48;2;254;237;190m▌[38;2;253;233;183m[48;2;252;229;173m▌[38;2;251;224;163m[48;2;250;219;153m▌[38;2;76;34;24m[48;2;88;40;28m▀[38;2;84;38;27m[48;2;68;31;22m▌[38;2;77;35;24m[48;2;84;37;26m▀[38;2;74;33;23m[48;2;85;38;27m▀[38;2;78;36;25m[48;2;85;38;27m▀[38;2;33;42;51m[48;2;32;40;49m▀▀[38;2;24;29;36m[48;2;32;40;50m▝[38;2;15;17;21m[48;2;28;34;42m▀[38;2;29;36;44m[48;2;15;17;21m▀[38;2;24;29;35m[48;2;33;41;50m▖[38;2;33;42;51m[48;2;32;40;49m▀[38;2;73;33;23m[48;2;81;37;26m▀[38;2;79;36;25m[48;2;64;29;20m▖[38;2;68;30;22m[48;2;78;35;25m▀[38;2;71;32;23m[48;2;75;34;24m▀[38;2;68;31;22m[48;2;79;36;25m▀[38;2;70;31;22m[48;2;58;26;19m▌[38;2;42;47;58m[48;2;42;47;58m██▛▛▛▛▛▀[38;2;42;47;58m[48;2;43;47;58m▀[38;2;43;47;58m[48;2;43;48;58m▀[38;2;43;48;58m[48;2;44;48;58m▀▀[38;2;44;48;58m[48;2;45;49;58m▀[38;2;45;49;58m[48;2;46;50;59m▀[38;2;46;49;59m[48;2;48;51;59m▀[38;2;47;50;59m[48;2;50;52;59m▀[38;2;49;52;59m[48;2;125;130;123m▌[38;2;120;128;123m[48;2;131;132;123m▀[38;2;121;128;123m[48;2;55;55;60m▀[38;2;122;128;123m[48;2;133;133;123m▀[38;2;122;129;122m[48;2;134;134;122m▀[38;2;123;129;122m[48;2;135;134;122m▀[38;2;123;129;122m[48;2;136;134;122m▀▀[38;2;123;129;122m[48;2;135;134;122m▀▀[38;2;122;129;122m[48;2;134;133;122m▀[38;2;121;128;123m[48;2;133;133;123m▀[38;2;120;128;123m[48;2;132;133;123m▀[38;2;119;128;123m[48;2;130;132;123m▀[38;2;119;127;123m[48;2;129;132;124m▀[38;2;118;127;123m[48;2;128;131;124m▀[38;2;117;127;124m[48;2;127;131;124m▀[38;2;117;127;124m[48;2;126;130;125m▀[38;2;116;126;124m[48;2;126;130;125m▀[38;2;116;126;124m[48;2;125;130;125m▀[38;2;120;128;124m[48;2;132;113;77m▌[38;2;132;113;77m[48;2;43;47;58m▌[38;2;42;47;58m[48;2;43;47;58m▀[38;2;42;47;58m[48;2;106;93;66m▛[38;2;106;92;66m[48;2;42;47;58m▖[38;2;42;47;58m[48;2;42;47;58m▖[38;2;115;126;124m[48;2;124;130;125m▀▀▀[38;2;120;128;125m[48;2;42;47;58m▌[38;2;42;47;58m[48;2;42;47;58m█[38;2;115;126;124m[48;2;124;130;125m▀▀[38;2;120;128;125m[48;2;42;47;58m▌[38;2;42;47;58m[48;2;42;47;58m████[0m
[38;2;91;40;29m[48;2;115;52;37m▌[38;2;109;49;35m[48;2;119;54;38m▛[38;2;104;46;33m[48;2;123;56;39m▀[38;2;102;46;32m[48;2;118;54;38m▝[38;2;95;42;30m[48;2;122;56;39m▛[38;2;250;218;150m[48;2;249;213;140m▝[38;2;252;227;169m[48;2;251;221;156m▝[38;2;253;233;181m[48;2;252;226;168m▀[38;2;254;237;190m[48;2;252;230;175m▀[38;2;254;235;187m[48;2;252;228;172m▀[38;2;252;229;173m[48;2;251;223;161m▀[38;2;251;222;159m[48;2;250;217;147m▘[38;2;91;42;29m[48;2;105;47;33m▌[38;2;97;43;31m[48;2;108;48;34m▀[38;2;98;44;31m[48;2;108;48;34m▀[38;2;93;41;29m[48;2;109;49;35m▀[38;2;90;40;29m[48;2;114;52;37m▛[38;2;250;218;150m[48;2;249;213;140m▝[38;2;252;227;169m[48;2;251;221;156m▝[38;2;253;233;181m[48;2;252;226;168m▀[38;2;254;237;190m[48;2;252;230;175m▀[38;2;254;235;187m[48;2;252;228;172m▀[38;2;252;229;173m[48;2;251;223;161m▀[38;2;251;222;159m[48;2;250;217;147m▘[38;2;81;36;26m[48;2;98;44;31m▌[38;2;90;40;29m[48;2;103;47;33m▀[38;2;91;41;29m[48;2;105;48;34m▀[38;2;89;40;28m[48;2;101;45;32m▀[38;2;82;37;26m[48;2;95;41;30m▛[38;2;250;218;150m[48;2;249;213;140m▝[38;2;252;227;169m[48;2;251;221;156m▝[38;2;253;233;181m[48;2;252;226;168m▀[38;2;254;237;190m[48;2;252;230;175m▀[38;2;254;235;187m[48;2;252;228;172m▀[38;2;252;229;173m[48;2;251;223;161m▀[38;2;251;222;159m[48;2;250;217;147m▘[38;2;78;35;25m[48;2;94;42;30m▛[38;2;84;38;27m[48;2;97;44;31m▀[38;2;82;37;26m[48;2;93;42;30m▀[38;2;84;38;27m[48;2;89;40;28m▀[38;2;76;34;24m[48;2;92;42;29m▛[38;2;250;218;150m[48;2;249;213;140m▝[38;2;252;227;169m[48;2;251;221;156m▝[38;2;253;233;181m[48;2;252;226;168m▀[38;2;254;237;190m[48;2;252;230;175m▀[38;2;254;235;187m[48;2;252;228;172m▀[38;2;252;229;173m[48;2;251;223;161m▀[38;2;251;222;159m[48;2;250;217;147m▘[38;2;74;34;24m[48;2;86;39;27m▛[38;2;78;36;25m[48;2;87;39;28m▀[38;2;78;36;25m[48;2;86;39;27m▀[38;2;75;34;24m[48;2;85;38;27m▀[38;2;68;30;21m[48;2;86;39;27m▛[38;2;31;38;47m[48;2;30;36;45m▀▀▀▀[38;2;23;27;34m[48;2;30;37;45m▝[38;2;15;17;21m[48;2;26;31;39m▀[38;2;27;33;41m[48;2;15;17;21m▀[38;2;36;21;19m[48;2;71;32;23m▖[38;2;82;38;26m[48;2;73;33;23m▖[38;2;69;31;22m[48;2;76;34;24m▀[38;2;69;31;22m[48;2;78;35;25m▀[38;2;62;28;20m[48;2;79;36;25m▛[38;2;68;31;22m[48;2;75;34;24m▀[38;2;42;47;58m[48;2;42;47;58m█▛▛▛▛[38;2;42;47;58m[48;2;122;106;73m▛[38;2;122;106;73m[48;2;42;47;58m▖[38;2;43;47;58m[48;2;43;48;58m▛[38;2;43;48;58m[48;2;43;48;58m▛[38;2;44;48;58m[48;2;44;48;58m▛[38;2;44;48;58m[48;2;45;49;58m▀[38;2;45;49;58m[48;2;47;50;59m▀[38;2;47;50;59m[48;2;49;51;59m▀[38;2;48;51;59m[48;2;51;53;59m▀[38;2;51;52;59m[48;2;54;55;60m▀[38;2;53;54;60m[48;2;58;57;60m▀[38;2;58;57;60m[48;2;147;139;123m▌[38;2;143;137;123m[48;2;154;141;123m▀[38;2;62;59;61m[48;2;70;65;62m▀[38;2;146;138;122m[48;2;159;143;121m▀[38;2;147;139;122m[48;2;160;144;121m▀[38;2;148;139;121m[48;2;162;144;120m▀[38;2;149;139;121m[48;2;163;145;120m▀▀[38;2;149;139;121m[48;2;162;144;120m▀[38;2;148;139;122m[48;2;161;144;120m▀[38;2;147;138;122m[48;2;160;143;121m▀[38;2;145;138;122m[48;2;158;143;121m▀[38;2;143;137;123m[48;2;155;142;122m▀[38;2;142;137;123m[48;2;153;141;123m▀[38;2;140;136;124m[48;2;151;140;124m▀[38;2;94;94;92m[48;2;56;56;60m▀[38;2;137;135;125m[48;2;147;139;125m▀[38;2;136;134;125m[48;2;146;138;125m▀[38;2;135;134;125m[48;2;144;138;126m▀[38;2;134;134;126m[48;2;144;137;126m▀[38;2;139;135;126m[48;2;44;48;58m▌[38;2;44;48;58m[48;2;43;48;58m▖[38;2;43;48;58m[48;2;110;95;68m▛[38;2;108;94;67m[48;2;43;47;58m▞[38;2;106;93;66m[48;2;42;47;58m▘[38;2;42;47;58m[48;2;42;47;58m▖[38;2;86;90;92m[48;2;42;47;58m▀▀▀▘[38;2;42;47;58m[48;2;42;47;58m█[38;2;86;90;92m[48;2;42;47;58m▀▀▘[38;2;42;47;58m[48;2;42;47;58m████[0m
[38;2;103;46;33m[48;2;119;54;38m▀[38;2;109;50;35m[48;2;118;53;38m▀[38;2;113;51;36m[48;2;93;42;29m▌[38;2;102;45;32m[48;2;116;52;37m▀[38;2;112;51;36m[48;2;159;118;98m▛[38;2;248;209;131m[48;2;158;118;98m▀[38;2;249;214;142m[48;2;151;115;96m▀[38;2;250;219;151m[48;2;158;118;98m▀[38;2;251;221;157m[48;2;156;117;98m▀[38;2;250;220;155m[48;2;155;116;97m▀[38;2;250;216;147m[48;2;152;115;96m▀[38;2;249;211;136m[48;2;154;116;97m▀[38;2;158;118;98m[48;2;105;48;34m▖[38;2;115;52;37m[48;2;101;45;32m▖[38;2;106;48;34m[48;2;86;39;28m▌[38;2;97;43;31m[48;2;104;46;33m▝[38;2;101;45;32m[48;2;155;117;97m▛[38;2;248;209;131m[48;2;155;117;97m▀[38;2;249;214;142m[48;2;147;112;95m▀[38;2;250;219;151m[48;2;154;116;97m▀[38;2;251;221;157m[48;2;155;117;98m▀[38;2;250;220;155m[48;2;153;116;97m▀[38;2;250;216;147m[48;2;148;113;95m▀[38;2;249;211;136m[48;2;153;116;97m▀[38;2;155;117;98m[48;2;96;43;31m▖[38;2;91;41;29m[48;2;102;46;32m▀[38;2;97;44;31m[48;2;81;37;26m▌[38;2;91;41;29m[48;2;105;48;34m▀[38;2;94;42;30m[48;2;148;113;95m▛[38;2;248;209;131m[48;2;152;115;96m▀[38;2;249;214;142m[48;2;143;111;93m▀[38;2;250;219;151m[48;2;149;114;96m▀[38;2;251;221;157m[48;2;146;112;94m▀[38;2;250;220;155m[48;2;148;113;95m▀[38;2;250;216;147m[48;2;143;111;93m▀[38;2;249;211;136m[48;2;150;115;96m▀[38;2;147;113;95m[48;2;87;39;27m▖[38;2;85;38;27m[48;2;94;42;30m▀[38;2;90;41;29m[48;2;68;30;21m▌[38;2;83;37;26m[48;2;91;41;29m▀[38;2;86;39;28m[48;2;147;113;95m▛[38;2;248;209;131m[48;2;149;115;96m▀[38;2;249;214;142m[48;2;140;110;93m▀[38;2;250;219;151m[48;2;143;111;93m▀[38;2;251;221;157m[48;2;143;111;93m▀[38;2;250;220;155m[48;2;144;111;94m▀[38;2;250;216;147m[48;2;138;109;92m▀[38;2;249;211;136m[48;2;145;112;94m▀[38;2;143;111;93m[48;2;83;38;27m▖[38;2;78;35;25m[48;2;84;37;27m▀[38;2;81;37;26m[48;2;64;29;20m▌[38;2;73;32;23m[48;2;83;37;26m▀[38;2;77;34;24m[48;2;142;110;93m▛[38;2;29;34;43m[48;2;143;111;94m▀[38;2;29;34;43m[48;2;138;109;92m▀[38;2;29;34;43m[48;2;144;112;94m▀[38;2;29;34;43m[48;2;143;112;94m▀[38;2;29;34;43m[48;2;138;109;92m▀[38;2;29;34;43m[48;2;137;109;92m▀[38;2;25;30;37m[48;2;141;111;93m▀[38;2;142;111;93m[48;2;25;19;21m▖[38;2;68;30;22m[48;2;23;19;21m▝[38;2;73;34;24m[48;2;56;27;21m▘[38;2;69;31;22m[48;2;76;34;24m▀[38;2;67;30;21m[48;2;77;35;24m▀[38;2;66;30;21m[48;2;72;32;23m▀[38;2;42;47;58m[48;2;42;47;58m▛▛▛▛▛[38;2;122;106;73m[48;2;42;47;58m▝[38;2;123;106;73m[48;2;43;48;58m▘[38;2;43;48;58m[48;2;44;48;58m▛[38;2;44;48;58m[48;2;45;49;58m▛[38;2;45;49;58m[48;2;46;49;59m▛[38;2;46;50;59m[48;2;48;51;59m▛[38;2;49;51;59m[48;2;51;52;59m▛[38;2;51;53;59m[48;2;54;55;60m▛[38;2;54;55;60m[48;2;58;57;60m▀[38;2;58;57;60m[48;2;210;168;90m▀[38;2;63;60;61m[48;2;69;64;62m▀[38;2;68;63;62m[48;2;76;68;63m▀[38;2;74;67;63m[48;2;83;73;64m▀[38;2;80;71;64m[48;2;90;77;65m▀[38;2;85;74;64m[48;2;97;81;66m▀[38;2;90;77;65m[48;2;103;85;67m▀[38;2;93;79;66m[48;2;107;88;68m▀[38;2;95;80;66m[48;2;110;89;68m▀[38;2;96;80;66m[48;2;111;90;68m▀[38;2;94;80;66m[48;2;109;89;68m▀[38;2;91;78;65m[48;2;105;87;68m▀[38;2;87;75;65m[48;2;100;83;67m▀[38;2;82;72;64m[48;2;94;79;66m▀[38;2;83;73;64m[48;2;149;129;107m▌[38;2;164;145;122m[48;2;127;110;93m▀[38;2;162;144;123m[48;2;122;107;93m▀[38;2;61;59;61m[48;2;66;62;62m▀[38;2;157;142;125m[48;2;113;102;93m▀[38;2;155;142;125m[48;2;109;100;93m▀[38;2;154;141;126m[48;2;106;98;93m▀[38;2;153;141;126m[48;2;104;97;93m▀[38;2;127;118;110m[48;2;46;49;59m▌[38;2;45;49;58m[48;2;44;48;58m▖[38;2;110;96;68m[48;2;44;48;58m▝[38;2;110;95;68m[48;2;43;48;58m▘[38;2;43;47;58m[48;2;138;118;80m▌[38;2;138;118;80m[48;2;42;47;58m▌[38;2;42;47;58m[48;2;42;47;58m▖▖▖▖████████[0m
[38;2;107;48;34m[48;2;120;54;38m▀[38;2;100;46;32m[48;2;115;51;36m▛[38;2;110;51;36m[48;2;122;56;39m▀[38;2;99;43;31m[48;2;118;53;38m▀[38;2;104;47;33m[48;2;118;53;38m▀[38;2;90;40;29m[48;2;110;50;35m▌[38;2;99;44;31m[48;2;116;52;37m▀[38;2;114;51;36m[48;2;105;47;33m▖[38;2;100;45;32m[48;2;115;52;37m▀[38;2;90;41;29m[48;2;103;46;33m▌[38;2;97;43;30m[48;2;113;51;36m▀[38;2;116;53;37m[48;2;105;48;34m▖[38;2;100;45;32m[48;2;109;49;35m▀[38;2;90;40;28m[48;2;107;47;34m▛[38;2;97;44;31m[48;2;113;52;36m▀[38;2;98;44;31m[48;2;115;53;37m▀[38;2;100;45;32m[48;2;112;51;36m▛[38;2;84;37;26m[48;2;109;49;35m▛[38;2;95;43;30m[48;2;107;48;34m▀[38;2;93;42;29m[48;2;104;46;33m▀[38;2;96;44;31m[48;2;111;51;36m▀[38;2;80;36;25m[48;2;96;43;30m▌[38;2;91;40;29m[48;2;99;44;31m▘[38;2;92;41;29m[48;2;103;46;33m▀[38;2;95;43;30m[48;2;104;47;33m▀[38;2;79;35;25m[48;2;97;44;31m▌[38;2;90;41;29m[48;2;99;45;32m▘[38;2;86;38;27m[48;2;96;43;31m▝[38;2;90;41;29m[48;2;101;46;32m▀[38;2;80;36;25m[48;2;102;47;33m▛[38;2;88;40;28m[48;2;100;45;32m▀[38;2;87;39;28m[48;2;97;43;31m▀[38;2;84;37;27m[48;2;94;41;29m▀[38;2;75;34;24m[48;2;92;41;29m▌[38;2;90;41;29m[48;2;94;42;30m▀[38;2;83;37;26m[48;2;97;44;31m▀[38;2;99;46;32m[48;2;88;39;28m▖[38;2;74;33;24m[48;2;88;40;28m▌[38;2;83;38;27m[48;2;96;44;31m▀[38;2;81;37;26m[48;2;89;39;28m▀[38;2;83;38;27m[48;2;92;41;29m▀[38;2;68;30;21m[48;2;88;40;28m▌[38;2;78;35;25m[48;2;91;41;29m▀[38;2;78;35;25m[48;2;87;39;28m▀[38;2;81;37;26m[48;2;92;42;29m▀[38;2;68;31;22m[48;2;80;35;25m▌[38;2;80;36;25m[48;2;87;39;28m▀[38;2;77;35;25m[48;2;87;40;28m▀[38;2;15;17;21m[48;2;15;17;21m█[38;2;45;25;22m[48;2;76;34;24m▀[38;2;50;27;24m[48;2;83;37;26m▀[38;2;48;27;23m[48;2;80;35;25m▀[38;2;52;29;25m[48;2;81;36;26m▀[38;2;45;26;23m[48;2;76;34;24m▀[38;2;48;27;23m[48;2;83;38;27m▀[38;2;50;28;24m[48;2;81;36;26m▀[38;2;48;27;24m[48;2;81;37;26m▀[38;2;48;25;21m[48;2;80;36;25m▛[38;2;49;27;24m[48;2;77;34;24m▀[38;2;46;26;23m[48;2;79;36;25m▀[38;2;48;27;23m[48;2;78;35;25m▀[38;2;40;23;21m[48;2;69;31;22m▀[38;2;15;17;21m[48;2;61;30;23m▀[38;2;47;27;23m[48;2;15;17;21m▝[38;2;45;25;22m[48;2;72;32;23m▛[38;2;15;17;21m[48;2;15;17;21m█[38;2;42;47;58m[48;2;42;47;58m▌▌▌▌▌[38;2;43;47;58m[48;2;43;47;58m▌[38;2;43;48;58m[48;2;43;48;58m▌[38;2;44;48;58m[48;2;44;48;58m▌[38;2;45;49;58m[48;2;46;49;59m▛[38;2;46;50;59m[48;2;48;51;59m▛[38;2;49;51;59m[48;2;51;52;59m▛[38;2;52;53;59m[48;2;54;55;60m▛[38;2;56;56;60m[48;2;59;58;61m▛[38;2;62;59;61m[48;2;66;62;62m▛[38;2;68;63;62m[48;2;74;67;63m▛[38;2;76;68;63m[48;2;83;72;64m▛[38;2;85;74;64m[48;2;193;150;79m▛[38;2;195;151;80m[48;2;96;81;66m▖[38;2;101;84;67m[48;2;111;90;68m▀[38;2;109;89;68m[48;2;121;96;70m▀[38;2;117;94;69m[48;2;129;101;71m▀[38;2;126;99;71m[48;2;17;19;24m▛[38;2;125;99;70m[48;2;17;19;24m▀[38;2;126;99;71m[48;2;17;19;24m▀[38;2;124;98;70m[48;2;17;19;24m▀[38;2;17;19;24m[48;2;123;98;70m▖[38;2;113;91;69m[48;2;125;99;70m▀[38;2;105;87;68m[48;2;116;93;69m▀[38;2;97;81;66m[48;2;106;87;68m▀[38;2;88;75;65m[48;2;95;80;66m▀[38;2;88;75;65m[48;2;80;71;64m▖[38;2;78;69;63m[48;2;72;66;62m▖[38;2;70;64;62m[48;2;65;61;61m▖[38;2;63;60;61m[48;2;59;57;61m▖[38;2;57;56;60m[48;2;54;54;60m▖[38;2;52;53;60m[48;2;50;52;59m▖[38;2;49;51;59m[48;2;48;50;59m▖[38;2;47;50;59m[48;2;46;49;59m▖[38;2;45;49;58m[48;2;44;48;58m▌[38;2;43;48;58m[48;2;132;113;77m▀[38;2;43;48;58m[48;2;43;47;58m▌[38;2;43;47;58m[48;2;42;47;58m▌[38;2;42;47;58m[48;2;42;47;58m▌▌▌[38;2;42;47;58m[48;2;175;142;77m▛[38;2;175;142;77m[48;2;42;47;58m▖[38;2;42;47;58m[48;2;42;47;58m███████[0m
[38;2;108;49;34m[48;2;118;53;37m▀[38;2;108;48;34m[48;2;117;52;37m▛[38;2;105;47;33m[48;2;117;53;37m▀[38;2;106;47;33m[48;2;88;39;28m▌[38;2;103;46;33m[48;2;122;56;40m▛[38;2;101;45;32m[48;2;118;53;38m▀[38;2;105;47;33m[48;2;118;54;38m▛[38;2;106;47;34m[48;2;89;40;28m▌[38;2;102;46;33m[48;2;112;50;36m▀[38;2;100;45;32m[48;2;114;52;37m▀[38;2;102;46;33m[48;2;114;52;36m▀[38;2;114;52;36m[48;2;92;42;29m▖[38;2;98;44;31m[48;2;113;51;36m▀[38;2;95;42;30m[48;2;112;51;36m▀[38;2;96;43;30m[48;2;107;48;34m▀[38;2;107;49;34m[48;2;83;37;26m▌[38;2;95;43;30m[48;2;102;46;32m▘[38;2;94;42;30m[48;2;108;49;34m▀[38;2;94;42;30m[48;2;105;47;33m▀[38;2;107;48;34m[48;2;87;39;28m▖[38;2;94;42;30m[48;2;110;51;36m▀[38;2;93;42;29m[48;2;103;46;33m▀[38;2;91;41;29m[48;2;102;46;32m▀[38;2;104;47;33m[48;2;83;37;26m▖[38;2;86;38;27m[48;2;98;44;31m▝[38;2;89;40;28m[48;2;105;48;34m▀[38;2;95;43;30m[48;2;97;44;31m▞[38;2;93;42;30m[48;2;79;36;25m▌[38;2;92;41;29m[48;2;100;45;32m▛[38;2;87;39;28m[48;2;100;45;32m▀[38;2;89;41;29m[48;2;98;44;31m▀[38;2;97;44;31m[48;2;77;34;24m▖[38;2;84;38;27m[48;2;96;43;30m▀[38;2;85;38;27m[48;2;95;42;30m▀[38;2;86;39;27m[48;2;99;45;32m▀[38;2;92;42;29m[48;2;74;34;24m▌[38;2;82;36;26m[48;2;92;41;29m▀[38;2;83;38;27m[48;2;90;40;28m▀[38;2;85;39;27m[48;2;96;44;31m▀[38;2;89;40;28m[48;2;71;32;22m▌[38;2;80;36;25m[48;2;89;40;28m▘[38;2;82;37;26m[48;2;94;43;30m▛[38;2;81;36;26m[48;2;89;40;28m▀[38;2;94;43;30m[48;2;75;34;24m▖[38;2;78;35;25m[48;2;84;37;26m▘[38;2;79;36;25m[48;2;84;37;27m▀[38;2;77;35;25m[48;2;88;40;28m▀[38;2;82;37;26m[48;2;67;30;21m▌[38;2;15;17;21m[48;2;15;17;21m█[38;2;75;34;24m[48;2;15;17;21m▀[38;2;73;32;23m[48;2;15;17;21m▀[38;2;71;33;23m[48;2;15;17;21m▀[38;2;75;34;24m[48;2;15;17;21m▀[38;2;76;35;24m[48;2;15;17;21m▀[38;2;74;33;24m[48;2;15;17;21m▀[38;2;71;32;23m[48;2;15;17;21m▀[38;2;72;32;23m[48;2;15;17;21m▀[38;2;71;32;23m[48;2;15;17;21m▀[38;2;70;31;22m[48;2;15;17;21m▀[38;2;66;30;21m[48;2;15;17;21m▀[38;2;69;31;22m[48;2;15;17;21m▀[38;2;70;32;22m[48;2;15;17;21m▀[38;2;67;30;21m[48;2;15;17;21m▀[38;2;69;31;22m[48;2;22;18;20m▘[38;2;15;17;21m[48;2;15;17;21m██[38;2;42;47;58m[48;2;42;47;58m▌▌▌▌[38;2;42;47;58m[48;2;43;47;58m▌[38;2;43;47;58m[48;2;43;48;58m▌[38;2;43;48;58m[48;2;44;48;58m▌[38;2;44;48;58m[48;2;45;49;58m▌[38;2;45;49;59m[48;2;46;50;59m▌[38;2;47;50;59m[48;2;49;51;59m▌[38;2;50;52;59m[48;2;52;53;59m▌[38;2;54;54;60m[48;2;56;56;60m▌[38;2;59;58;61m[48;2;62;60;61m▌[38;2;66;62;62m[48;2;69;64;62m▌[38;2;74;67;63m[48;2;78;70;63m▌[38;2;83;73;64m[48;2;89;76;65m▌[38;2;94;80;66m[48;2;100;83;67m▌[38;2;106;87;68m[48;2;112;91;69m▌[38;2;118;95;69m[48;2;184;143;85m▀[38;2;130;102;71m[48;2;137;107;72m▛[38;2;140;108;73m[48;2;147;112;74m▛[38;2;83;66;49m[48;2;149;114;74m▝[38;2;125;105;78m[48;2;255;240;194m▛[38;2;136;129;109m[48;2;255;240;194m▀[38;2;255;240;194m[48;2;124;104;78m▖[38;2;82;66;49m[48;2;146;112;74m▘[38;2;142;110;73m[48;2;135;105;72m▖[38;2;132;103;72m[48;2;125;99;70m▖[38;2;120;96;70m[48;2;113;91;69m▖[38;2;106;87;68m[48;2;100;83;67m▌[38;2;94;80;66m[48;2;89;76;65m▌[38;2;83;73;64m[48;2;78;70;63m▌[38;2;74;67;63m[48;2;69;64;62m▌[38;2;66;62;62m[48;2;62;60;61m▌[38;2;59;58;61m[48;2;56;56;60m▌[38;2;54;54;60m[48;2;52;53;59m▌[38;2;50;52;59m[48;2;49;51;59m▌[38;2;47;50;59m[48;2;46;50;59m▌[38;2;45;49;59m[48;2;45;49;58m▌[38;2;132;113;77m[48;2;44;48;58m▀[38;2;43;48;58m[48;2;43;48;58m▌[38;2;190;154;83m[48;2;43;47;58m▀[38;2;42;47;58m[48;2;42;47;58m▌▌▌▌▌███████[0m
[38;2;100;44;31m[48;2;118;54;38m▘[38;2;103;46;33m[48;2;121;55;39m▀[38;2;95;43;30m[48;2;117;53;37m▛[38;2;104;47;33m[48;2;116;52;37m▀[38;2;121;55;39m[48;2;105;47;33m▖[38;2;102;45;32m[48;2;118;54;38m▛[38;2;95;43;30m[48;2;51;47;52m▀[38;2;103;46;33m[48;2;45;47;54m▘[38;2;64;45;45m[48;2;37;49;60m▀[38;2;62;44;44m[48;2;37;49;60m▀[38;2;93;42;30m[48;2;37;49;60m▀[38;2;75;50;48m[48;2;104;47;33m▖[38;2;102;47;33m[48;2;112;51;36m▀[38;2;99;45;32m[48;2;108;48;34m▀[38;2;89;40;28m[48;2;108;49;34m▛[38;2;100;46;32m[48;2;109;50;35m▀[38;2;93;41;29m[48;2;108;49;35m▀[38;2;92;41;29m[48;2;100;45;32m▝[38;2;88;39;28m[48;2;50;47;52m▀[38;2;93;41;29m[48;2;44;47;54m▘[38;2;60;44;44m[48;2;37;49;60m▀▀[38;2;87;39;28m[48;2;37;49;60m▀[38;2;71;48;46m[48;2;96;43;31m▖[38;2;93;42;30m[48;2;101;46;32m▀[38;2;87;39;28m[48;2;102;46;32m▀[38;2;82;37;26m[48;2;102;46;33m▛[38;2;83;36;26m[48;2;97;44;31m▝[38;2;84;37;26m[48;2;96;43;30m▀[38;2;88;40;28m[48;2;100;46;32m▀[38;2;80;36;25m[48;2;46;44;50m▀[38;2;70;39;34m[48;2;37;49;60m▀[38;2;59;44;44m[48;2;37;49;60m▀[38;2;56;42;43m[48;2;37;49;60m▀[38;2;78;35;25m[48;2;37;49;60m▀[38;2;63;44;44m[48;2;88;40;28m▖[38;2;84;38;27m[48;2;92;41;29m▀[38;2;82;37;26m[48;2;91;41;29m▀[38;2;68;30;21m[48;2;89;40;28m▌[38;2;79;35;25m[48;2;89;39;28m▀[38;2;84;39;27m[48;2;90;41;29m▀[38;2;79;36;25m[48;2;91;41;29m▀[38;2;74;33;23m[48;2;44;44;50m▀[38;2;78;35;25m[48;2;42;46;54m▘[38;2;53;41;42m[48;2;37;49;60m▀▀[38;2;71;31;22m[48;2;37;49;60m▀[38;2;61;43;43m[48;2;79;35;25m▖[38;2;78;35;25m[48;2;88;40;28m▛[38;2;77;35;25m[48;2;85;39;27m▀[38;2;65;29;21m[48;2;80;36;26m▌[38;2;76;35;24m[48;2;83;37;26m▀[38;2;75;34;24m[48;2;81;36;26m▀[38;2;73;33;23m[48;2;81;37;26m▀[38;2;70;32;23m[48;2;43;43;50m▀[38;2;60;35;31m[48;2;37;49;60m▀[38;2;50;39;40m[48;2;37;49;60m▀[38;2;51;40;41m[48;2;37;49;60m▀[38;2;63;28;20m[48;2;37;49;60m▀[38;2;59;43;43m[48;2;73;33;23m▖[38;2;67;30;21m[48;2;76;34;24m▀[38;2;65;29;20m[48;2;72;32;23m▝[38;2;62;28;20m[48;2;45;25;22m▛[38;2;52;26;21m[48;2;15;17;21m▀[38;2;15;17;21m[48;2;58;29;23m▀[38;2;64;29;20m[48;2;72;32;23m▝[38;2;42;47;58m[48;2;42;47;58m▌▌▌▌[38;2;42;47;58m[48;2;43;47;58m▌[38;2;43;47;58m[48;2;43;48;58m▌[38;2;43;48;58m[48;2;44;48;58m▌[38;2;44;48;58m[48;2;45;49;58m▌[38;2;45;49;59m[48;2;46;50;59m▌[38;2;47;50;59m[48;2;49;51;59m▌[38;2;50;52;59m[48;2;52;53;60m▌[38;2;54;55;60m[48;2;57;56;60m▌[38;2;59;58;61m[48;2;62;60;61m▌[38;2;66;62;62m[48;2;70;64;62m▌[38;2;74;67;63m[48;2;79;70;64m▌[38;2;84;73;64m[48;2;90;77;65m▌[38;2;95;80;66m[48;2;101;84;67m▌[38;2;107;88;68m[48;2;114;92;69m▌[38;2;183;142;84m[48;2;241;185;97m▛[38;2;245;187;98m[48;2;136;105;72m▖[38;2;148;113;74m[48;2;143;110;73m▝[38;2;155;117;75m[48;2;150;115;74m▝[38;2;158;119;75m[48;2;154;117;75m▀[38;2;17;19;24m[48;2;17;19;24m█[38;2;156;118;75m[48;2;152;116;75m▀[38;2;152;116;74m[48;2;147;112;74m▘[38;2;142;109;73m[48;2;137;106;72m▌[38;2;131;103;71m[48;2;126;99;71m▌[38;2;120;95;70m[48;2;114;92;69m▌[38;2;107;88;68m[48;2;101;84;67m▌[38;2;95;80;66m[48;2;90;77;65m▌[38;2;84;73;64m[48;2;79;70;64m▌[38;2;74;67;63m[48;2;70;64;62m▌[38;2;66;62;62m[48;2;62;60;61m▌[38;2;59;58;61m[48;2;57;56;60m▌[38;2;54;55;60m[48;2;52;53;60m▌[38;2;50;52;59m[48;2;49;51;59m▌[38;2;47;50;59m[48;2;46;50;59m▌[38;2;45;49;59m[48;2;45;49;58m▌[38;2;44;48;58m[48;2;44;48;58m▌[38;2;218;177;96m[48;2;43;48;58m▝[38;2;218;177;96m[48;2;43;47;58m▘[38;2;42;47;58m[48;2;42;47;58m▌▌▌▌▌███████[0m
[38;2;110;49;35m[48;2;94;43;30m▌[38;2;107;48;34m[48;2;119;54;38m▛[38;2;103;46;33m[48;2;123;56;40m▀[38;2;102;45;32m[48;2;114;51;36m▀[38;2;109;49;35m[48;2;90;41;29m▌[38;2;103;46;33m[48;2;35;46;56m▘[38;2;36;47;58m[48;2;35;45;55m▀▀▀▀▀▀[38;2;113;51;36m[48;2;89;40;28m▖[38;2;97;44;31m[48;2;112;51;36m▀[38;2;101;46;32m[48;2;109;49;35m▀[38;2;115;53;37m[48;2;100;45;32m▖[38;2;109;50;35m[48;2;85;38;27m▖[38;2;96;44;31m[48;2;35;46;56m▘[38;2;36;47;58m[48;2;35;45;55m▀▀▀▀▀▀[38;2;97;44;31m[48;2;79;36;25m▌[38;2;102;46;33m[48;2;92;41;29m▖[38;2;84;37;26m[48;2;98;45;31m▘[38;2;86;38;27m[48;2;98;45;31m▘[38;2;92;41;29m[48;2;77;34;24m▌[38;2;87;39;27m[48;2;35;46;56m▘[38;2;36;47;58m[48;2;35;45;55m▀▀▀▀▀▀[38;2;86;38;27m[48;2;73;33;23m▌[38;2;81;37;26m[48;2;95;44;31m▀[38;2;82;37;26m[48;2;93;42;30m▛[38;2;83;38;26m[48;2;92;41;29m▀[38;2;87;40;28m[48;2;71;32;23m▌[38;2;78;35;25m[48;2;35;46;56m▘[38;2;36;47;58m[48;2;35;45;55m▀▀▀▀▀▀[38;2;80;36;25m[48;2;66;30;21m▌[38;2;75;34;24m[48;2;86;39;28m▀[38;2;74;33;24m[48;2;82;36;26m▀[38;2;72;32;23m[48;2;84;38;27m▀[38;2;79;36;25m[48;2;64;29;20m▌[38;2;70;31;22m[48;2;35;46;56m▘[38;2;36;47;58m[48;2;35;45;55m▀▀▀▀▀▀[38;2;67;30;21m[48;2;37;22;20m▛[38;2;51;25;20m[48;2;15;17;21m▀[38;2;15;17;21m[48;2;60;30;23m▀[38;2;45;25;22m[48;2;73;33;23m▘[38;2;70;32;22m[48;2;55;24;17m▌[38;2;62;28;20m[48;2;74;34;24m▀[38;2;42;47;58m[48;2;42;47;58m▌▌▌▌▌[38;2;43;47;58m[48;2;43;48;58m▌[38;2;43;48;58m[48;2;43;48;58m▌[38;2;44;48;58m[48;2;44;48;58m▌[38;2;45;49;58m[48;2;46;49;59m▌[38;2;47;50;59m[48;2;48;51;59m▌[38;2;49;51;59m[48;2;50;52;59m▌[38;2;55;55;60m[48;2;53;54;60m▝[38;2;61;59;61m[48;2;57;57;60m▝[38;2;67;63;62m[48;2;63;60;61m▝[38;2;76;68;63m[48;2;70;65;62m▝[38;2;85;74;64m[48;2;79;70;63m▝[38;2;96;80;66m[48;2;88;76;65m▝[38;2;107;87;68m[48;2;98;82;66m▝[38;2;175;137;82m[48;2;106;87;68m▀[38;2;125;99;71m[48;2;115;93;69m▀[38;2;134;105;72m[48;2;123;98;70m▀[38;2;141;109;73m[48;2;129;101;71m▀[38;2;145;111;73m[48;2;132;103;72m▀[38;2;17;19;24m[48;2;17;19;24m█[38;2;143;110;73m[48;2;131;103;71m▀[38;2;138;107;72m[48;2;126;100;71m▀[38;2;130;102;71m[48;2;119;95;70m▀[38;2;120;96;70m[48;2;111;90;68m▀[38;2;109;89;68m[48;2;101;84;67m▀[38;2;101;84;67m[48;2;93;79;66m▘[38;2;90;77;65m[48;2;83;73;64m▘[38;2;80;71;64m[48;2;74;67;63m▘[38;2;71;65;62m[48;2;66;62;62m▘[38;2;64;61;61m[48;2;60;58;61m▘[38;2;58;57;60m[48;2;55;55;60m▘[38;2;53;54;60m[48;2;51;53;59m▘[38;2;49;51;59m[48;2;48;51;59m▌[38;2;47;50;59m[48;2;46;49;59m▌[38;2;45;49;58m[48;2;44;48;58m▌[38;2;44;48;58m[48;2;43;48;58m▌[38;2;43;48;58m[48;2;43;48;58m▌[38;2;43;47;58m[48;2;42;47;58m▌[38;2;42;47;58m[48;2;42;47;58m▌▌▌▌▌███████[0m
[38;2;104;47;33m[48;2;120;54;38m▀[38;2;100;44;31m[48;2;116;52;37m▀[38;2;101;45;32m[48;2;111;50;35m▝[38;2;86;38;27m[48;2;105;46;33m▌[38;2;121;56;39m[48;2;106;48;34m▖[38;2;34;43;53m[48;2;33;42;51m▀▀▀▀▀▀▀[38;2;96;43;31m[48;2;107;48;34m▀[38;2;94;42;30m[48;2;111;50;35m▀[38;2;95;43;30m[48;2;109;49;35m▀[38;2;85;39;27m[48;2;103;47;33m▌[38;2;93;41;29m[48;2;105;47;33m▀[38;2;34;43;53m[48;2;33;42;51m▀▀▀▀▀▀▀[38;2;103;47;33m[48;2;93;42;29m▖[38;2;90;41;29m[48;2;95;42;30m▝[38;2;88;39;28m[48;2;100;45;32m▀[38;2;78;35;25m[48;2;93;42;30m▌[38;2;87;39;28m[48;2;94;42;30m▝[38;2;34;43;53m[48;2;33;42;51m▀▀▀▀▀▀▀[38;2;81;36;26m[48;2;95;43;30m▀[38;2;79;35;25m[48;2;91;41;29m▀[38;2;83;38;27m[48;2;91;41;29m▀[38;2;73;33;23m[48;2;89;40;28m▛[38;2;77;34;24m[48;2;91;41;29m▀[38;2;34;43;53m[48;2;33;42;51m▀▀▀▀▀▀▀[38;2;77;35;25m[48;2;87;40;28m▀[38;2;74;34;24m[48;2;83;37;26m▀[38;2;75;34;24m[48;2;84;38;27m▀[38;2;60;26;19m[48;2;75;34;24m▌[38;2;72;32;23m[48;2;79;35;25m▀[38;2;34;43;53m[48;2;33;42;51m▀▀▀▀▀[38;2;34;43;53m[48;2;24;30;36m▛[38;2;29;37;45m[48;2;15;17;21m▀[38;2;15;17;21m[48;2;63;32;25m▀[38;2;46;26;23m[48;2;73;33;23m▘[38;2;68;31;22m[48;2;76;35;24m▀[38;2;60;27;19m[48;2;72;32;23m▛[38;2;66;30;21m[48;2;75;34;24m▀[38;2;66;30;21m[48;2;74;34;24m▀[38;2;42;47;58m[48;2;42;47;58m▝▝▝▝▝[38;2;43;47;58m[48;2;42;47;58m▝[38;2;43;48;58m[48;2;43;47;58m▝[38;2;44;48;58m[48;2;43;48;58m▝[38;2;45;49;58m[48;2;44;48;58m▝[38;2;46;50;59m[48;2;45;49;58m▝[38;2;49;51;59m[48;2;47;50;59m▝[38;2;52;53;59m[48;2;49;52;59m▝[38;2;56;56;60m[48;2;53;54;60m▝[38;2;61;59;61m[48;2;57;56;60m▝[38;2;65;61;61m[48;2;60;59;61m▀[38;2;72;66;62m[48;2;66;62;62m▀[38;2;79;70;64m[48;2;72;66;63m▀[38;2;88;75;65m[48;2;78;70;63m▀[38;2;96;81;66m[48;2;85;74;64m▀[38;2;103;85;67m[48;2;91;78;65m▀[38;2;110;89;68m[48;2;96;81;66m▀[38;2;115;92;69m[48;2;100;83;67m▀[38;2;118;94;69m[48;2;102;85;67m▀[38;2;17;19;24m[48;2;17;19;24m█[38;2;116;93;69m[48;2;102;84;67m▀[38;2;113;91;69m[48;2;98;82;66m▀[38;2;107;87;68m[48;2;94;79;66m▀[38;2;100;83;67m[48;2;88;76;65m▀[38;2;92;78;65m[48;2;82;72;64m▀[38;2;83;73;64m[48;2;75;68;63m▀[38;2;76;68;63m[48;2;69;64;62m▀[38;2;68;63;62m[48;2;63;60;61m▀[38;2;62;60;61m[48;2;58;57;60m▀[38;2;58;57;60m[48;2;54;55;60m▘[38;2;54;54;60m[48;2;51;53;59m▘[38;2;50;52;59m[48;2;48;51;59m▘[38;2;47;50;59m[48;2;46;50;59m▘[38;2;46;49;59m[48;2;45;49;58m▘[38;2;44;48;58m[48;2;44;48;58m▘[38;2;43;48;58m[48;2;43;48;58m▘[38;2;43;48;58m[48;2;43;47;58m▘[38;2;42;47;58m[48;2;42;47;58m▘▘▘▘▘████████[0m
[38;2;103;46;33m[48;2;116;52;37m▀[38;2;120;55;38m[48;2;96;43;30m▖[38;2;105;47;33m[48;2;119;54;38m▛[38;2;100;44;31m[48;2;118;54;38m▀[38;2;101;45;32m[48;2;117;53;37m▀[38;2;32;40;49m[48;2;31;38;47m▀▀▀▀▀▀▀[38;2;95;42;30m[48;2;108;49;34m▀[38;2;104;47;33m[48;2;84;38;27m▌[38;2;94;42;30m[48;2;107;49;34m▘[38;2;98;44;31m[48;2;110;50;35m▛[38;2;97;44;31m[48;2;109;50;35m▀[38;2;32;40;49m[48;2;31;38;47m▀▀▀▀▀▀▀[38;2;92;42;29m[48;2;99;45;32m▀[38;2;99;44;31m[48;2;82;37;26m▖[38;2;92;42;30m[48;2;103;47;33m▀[38;2;87;39;27m[48;2;100;46;32m▀[38;2;90;41;29m[48;2;99;45;32m▀[38;2;32;40;49m[48;2;31;38;47m▀▀▀▀▀▀▀[38;2;84;38;27m[48;2;93;42;30m▀[38;2;90;40;29m[48;2;75;34;24m▖[38;2;80;36;25m[48;2;89;40;28m▀[38;2;82;37;26m[48;2;92;42;30m▀[38;2;79;35;25m[48;2;90;41;29m▀[38;2;32;40;49m[48;2;31;38;47m▀▀▀▀▀▀▀[38;2;85;38;27m[48;2;78;35;25m▖[38;2;78;35;25m[48;2;65;29;21m▌[38;2;74;34;24m[48;2;83;37;26m▀[38;2;74;34;24m[48;2;82;37;26m▀[38;2;72;33;23m[48;2;81;36;26m▀[38;2;32;40;49m[48;2;31;38;47m▀▀▀[38;2;32;39;48m[48;2;23;28;34m▛[38;2;28;34;42m[48;2;15;17;21m▀[38;2;15;17;21m[48;2;27;33;40m▀[38;2;23;28;35m[48;2;31;39;48m▘[38;2;69;31;22m[48;2;76;34;24m▀[38;2;78;36;25m[48;2;60;27;19m▖[38;2;66;30;21m[48;2;75;34;24m▀[38;2;68;31;22m[48;2;73;33;23m▀[38;2;65;29;21m[48;2;73;33;23m▀[38;2;68;31;22m[48;2;56;25;18m▌[38;2;42;47;58m[48;2;42;47;58m█▝▝▝▝▝[38;2;43;47;58m[48;2;42;47;58m▝[38;2;43;48;58m[48;2;43;47;58m▝[38;2;44;48;58m[48;2;43;48;58m▝[38;2;45;49;58m[48;2;44;48;58m▝[38;2;46;49;59m[48;2;45;49;58m▀[38;2;47;50;59m[48;2;46;49;59m▀[38;2;50;52;59m[48;2;48;50;59m▀[38;2;53;54;60m[48;2;50;52;59m▀[38;2;56;56;60m[48;2;52;53;60m▀[38;2;60;58;61m[48;2;55;55;60m▀[38;2;65;61;61m[48;2;59;57;60m▀[38;2;70;64;62m[48;2;62;60;61m▀[38;2;75;67;63m[48;2;66;62;62m▀[38;2;79;70;64m[48;2;69;64;62m▀[38;2;83;73;64m[48;2;72;66;63m▀[38;2;86;75;65m[48;2;74;67;63m▀[38;2;88;76;65m[48;2;76;68;63m▀[38;2;17;19;24m[48;2;17;19;24m█[38;2;87;75;65m[48;2;75;68;63m▀[38;2;85;74;64m[48;2;73;67;63m▀[38;2;81;72;64m[48;2;71;65;62m▀[38;2;77;69;63m[48;2;68;63;62m▀[38;2;72;66;63m[48;2;64;61;61m▀[38;2;67;63;62m[48;2;60;58;61m▀[38;2;62;60;61m[48;2;57;56;60m▀[38;2;58;57;60m[48;2;54;54;60m▀[38;2;54;55;60m[48;2;51;53;59m▀[38;2;51;53;59m[48;2;49;51;59m▀[38;2;48;51;59m[48;2;47;50;59m▀[38;2;46;50;59m[48;2;45;49;58m▀[38;2;45;49;58m[48;2;44;48;58m▘[38;2;44;48;58m[48;2;44;48;58m▘[38;2;43;48;58m[48;2;43;48;58m▘[38;2;43;48;58m[48;2;43;47;58m▘[38;2;43;47;58m[48;2;42;47;58m▘[38;2;42;47;58m[48;2;42;47;58m▘▘▘▘▘████████[0m
[38;2;89;39;28m[48;2;113;51;36m▌[38;2;105;48;34m[48;2;118;53;38m▀[38;2;103;47;33m[48;2;117;53;37m▀[38;2;100;45;32m[48;2;117;53;37m▀[38;2;88;40;28m[48;2;104;46;33m▌[38;2;30;36;45m[48;2;29;34;43m▀▀▀▀▀▀▀[38;2;90;41;29m[48;2;113;52;36m▛[38;2;94;42;30m[48;2;104;46;33m▀[38;2;99;45;32m[48;2;111;51;36m▀[38;2;95;43;30m[48;2;108;49;35m▀[38;2;86;39;27m[48;2;105;47;33m▛[38;2;30;36;45m[48;2;29;34;43m▀▀▀▀▀▀▀[38;2;81;37;26m[48;2;96;44;31m▌[38;2;103;47;33m[48;2;90;40;28m▖[38;2;90;40;28m[48;2;103;47;33m▛[38;2;87;39;28m[48;2;100;45;32m▀[38;2;78;36;25m[48;2;92;41;29m▌[38;2;30;36;45m[48;2;29;34;43m▀▀▀▀▀▀▀[38;2;75;34;24m[48;2;88;39;28m▛[38;2;83;37;26m[48;2;92;41;29m▛[38;2;80;36;25m[48;2;88;39;28m▀[38;2;80;36;26m[48;2;87;39;27m▀[38;2;69;31;22m[48;2;83;37;26m▌[38;2;30;36;45m[48;2;29;34;43m▀▀▀▀▀▀▀[38;2;66;30;21m[48;2;79;36;25m▌[38;2;75;34;24m[48;2;82;37;26m▀[38;2;75;34;24m[48;2;80;36;25m▀[38;2;75;34;24m[48;2;85;39;27m▛[38;2;64;29;20m[48;2;75;34;24m▌[38;2;30;36;45m[48;2;29;34;43m▀[38;2;29;36;44m[48;2;22;26;32m▛[38;2;26;32;39m[48;2;15;17;21m▀[38;2;15;17;21m[48;2;25;30;37m▀[38;2;22;26;33m[48;2;29;35;43m▘[38;2;30;36;45m[48;2;29;34;43m▀▀[38;2;59;26;19m[48;2;73;33;23m▌[38;2;65;29;21m[48;2;73;33;23m▀[38;2;76;35;24m[48;2;68;31;22m▖[38;2;66;30;21m[48;2;72;33;23m▀[38;2;57;26;18m[48;2;70;32;22m▌[38;2;64;29;21m[48;2;71;32;22m▀[38;2;42;47;58m[48;2;42;47;58m██▝▝▝▝▝▀[38;2;43;47;58m[48;2;43;47;58m▀[38;2;43;48;58m[48;2;43;48;58m▀[38;2;44;48;58m[48;2;43;48;58m▀[38;2;45;49;58m[48;2;44;48;58m▀[38;2;46;49;59m[48;2;45;49;58m▀[38;2;47;50;59m[48;2;46;49;59m▀[38;2;49;51;59m[48;2;47;50;59m▀[38;2;51;53;59m[48;2;48;51;59m▀[38;2;54;54;60m[48;2;50;52;59m▀[38;2;56;56;60m[48;2;51;53;59m▀[38;2;58;57;60m[48;2;53;54;60m▀[38;2;61;59;61m[48;2;54;55;60m▀[38;2;63;60;61m[48;2;56;56;60m▀[38;2;64;61;61m[48;2;57;56;60m▀[38;2;65;62;61m[48;2;57;57;60m▀[38;2;17;19;24m[48;2;17;19;24m█[38;2;65;61;61m[48;2;57;56;60m▀[38;2;64;61;61m[48;2;56;56;60m▀[38;2;62;59;61m[48;2;55;55;60m▀[38;2;60;58;61m[48;2;54;54;60m▀[38;2;57;57;60m[48;2;52;53;60m▀[38;2;55;55;60m[48;2;50;52;59m▀[38;2;52;53;60m[48;2;49;51;59m▀[38;2;50;52;59m[48;2;47;50;59m▀[38;2;48;51;59m[48;2;46;50;59m▀[38;2;47;50;59m[48;2;45;49;58m▀[38;2;45;49;58m[48;2;44;48;58m▀[38;2;44;48;58m[48;2;43;48;58m▀▀[38;2;43;48;58m[48;2;43;47;58m▀[38;2;43;47;58m[48;2;42;47;58m▀[38;2;42;47;58m[48;2;42;47;58m▘▘▘▘▘▘█████████[0m
[38;2;105;47;33m[48;2;119;54;38m▀[38;2;99;44;31m[48;2;114;52;36m▘[38;2;109;49;35m[48;2;90;41;29m▌[38;2;102;46;32m[48;2;115;52;37m▀[38;2;153;115;96m[48;2;109;49;35m▝[38;2;157;118;98m[48;2;109;48;34m▀[38;2;151;115;96m[48;2;103;47;33m▀[38;2;158;118;98m[48;2;113;51;36m▀[38;2;156;117;98m[48;2;111;50;35m▀[38;2;155;116;97m[48;2;112;51;36m▀[38;2;150;114;96m[48;2;98;44;31m▀[38;2;157;118;98m[48;2;107;48;34m▀[38;2;155;116;97m[48;2;104;47;33m▘[38;2;97;44;31m[48;2;109;50;35m▀[38;2;102;46;33m[48;2;81;36;25m▌[38;2;98;45;32m[48;2;108;49;35m▀[38;2;150;114;96m[48;2;99;44;31m▝[38;2;152;115;96m[48;2;103;46;33m▀[38;2;149;114;95m[48;2;93;42;30m▀[38;2;151;115;96m[48;2;104;47;33m▀[38;2;153;116;97m[48;2;103;47;33m▀[38;2;153;116;97m[48;2;101;45;32m▀[38;2;147;113;95m[48;2;89;40;28m▀[38;2;153;116;97m[48;2;98;44;31m▀[38;2;150;114;96m[48;2;98;44;31m▘[38;2;84;37;27m[48;2;96;43;31m▝[38;2;95;43;30m[48;2;74;33;24m▌[38;2;85;38;27m[48;2;98;44;31m▀[38;2;149;114;96m[48;2;94;43;30m▝[38;2;148;113;95m[48;2;95;42;30m▀[38;2;142;110;93m[48;2;84;38;27m▀[38;2;150;115;96m[48;2;95;43;30m▀[38;2;150;115;96m[48;2;94;42;30m▀[38;2;148;113;95m[48;2;97;44;31m▀[38;2;143;111;94m[48;2;83;37;26m▀[38;2;146;112;94m[48;2;94;43;30m▀[38;2;149;114;95m[48;2;86;38;27m▘[38;2;84;38;27m[48;2;89;40;28m▀[38;2;86;39;28m[48;2;67;29;21m▌[38;2;75;33;24m[48;2;85;38;27m▝[38;2;143;111;93m[48;2;87;40;28m▝[38;2;143;111;93m[48;2;88;40;28m▀[38;2;140;110;93m[48;2;81;37;26m▀[38;2;144;112;94m[48;2;89;40;28m▀[38;2;145;113;95m[48;2;85;38;27m▀[38;2;142;110;93m[48;2;85;38;27m▀[38;2;137;108;91m[48;2;76;34;24m▀[38;2;145;113;95m[48;2;84;38;27m▀[38;2;143;111;94m[48;2;80;36;25m▘[38;2;73;33;23m[48;2;82;37;26m▀[38;2;79;36;25m[48;2;65;30;21m▌[38;2;72;32;23m[48;2;80;36;25m▀[38;2;142;111;93m[48;2;68;33;24m▝[38;2;124;105;91m[48;2;15;17;21m▀[38;2;15;17;21m[48;2;52;26;21m▀[38;2;141;111;93m[48;2;67;32;24m▝[38;2;139;109;92m[48;2;76;34;24m▀[38;2;139;110;92m[48;2;78;35;25m▀[38;2;134;107;91m[48;2;66;29;21m▀[38;2;138;109;92m[48;2;73;32;23m▀[38;2;140;110;93m[48;2;73;33;23m▘[38;2;67;30;21m[48;2;76;35;25m▀[38;2;72;32;23m[48;2;60;27;19m▖[38;2;76;35;25m[48;2;66;29;21m▖[38;2;64;29;21m[48;2;73;33;23m▀[38;2;63;28;20m[48;2;70;31;22m▀[38;2;42;47;58m[48;2;42;47;58m███▝▀▀▀▀▀[38;2;43;47;58m[48;2;42;47;58m▀▀[38;2;43;48;58m[48;2;43;47;58m▀[38;2;44;48;58m[48;2;43;48;58m▀▀[38;2;45;49;58m[48;2;44;48;58m▀[38;2;46;49;59m[48;2;44;48;58m▀[38;2;47;50;59m[48;2;45;49;58m▀[38;2;48;51;59m[48;2;46;49;59m▀[38;2;49;51;59m[48;2;46;50;59m▀[38;2;50;52;59m[48;2;47;50;59m▀[38;2;51;52;59m[48;2;47;50;59m▀[38;2;51;53;59m[48;2;48;51;59m▀[38;2;52;53;59m[48;2;48;51;59m▀[38;2;17;19;24m[48;2;17;19;24m█[38;2;52;53;59m[48;2;48;51;59m▀[38;2;51;53;59m[48;2;47;50;59m▀[38;2;50;52;59m[48;2;47;50;59m▀[38;2;49;52;59m[48;2;46;50;59m▀[38;2;48;51;59m[48;2;46;49;59m▀[38;2;47;50;59m[48;2;45;49;58m▀[38;2;46;50;59m[48;2;45;49;58m▀[38;2;45;49;59m[48;2;44;48;58m▀[38;2;45;49;58m[48;2;44;48;58m▀[38;2;44;48;58m[48;2;43;48;58m▀[38;2;43;48;58m[48;2;43;48;58m▀[38;2;43;48;58m[48;2;43;47;58m▀[38;2;43;47;58m[48;2;42;47;58m▀[38;2;42;47;58m[48;2;42;47;58m▀▀▀▀▀▘███████████[0m
[38;2;106;47;34m[48;2;122;56;39m▛[38;2;92;41;29m[48;2;120;55;38m▛[38;2;101;45;32m[48;2;117;53;38m▀[38;2;100;45;32m[48;2;116;53;37m▀[38;2;98;44;31m[48;2;111;49;35m▀[38;2;94;43;30m[48;2;118;54;38m▛[38;2;96;42;30m[48;2;113;51;36m▀[38;2;100;45;32m[48;2;113;51;36m▀[38;2;98;44;31m[48;2;110;49;35m▀[38;2;87;39;27m[48;2;110;49;35m▛[38;2;101;46;32m[48;2;108;49;34m▀[38;2;94;42;30m[48;2;107;48;34m▀[38;2;107;48;34m[48;2;97;43;31m▖[38;2;86;39;28m[48;2;102;46;33m▌[38;2;108;49;34m[48;2;98;44;31m▖[38;2;94;43;30m[48;2;102;45;32m▀[38;2;93;42;30m[48;2;108;49;35m▀[38;2;81;36;26m[48;2;100;45;32m▌[38;2;105;48;34m[48;2;94;42;30m▖[38;2;90;40;29m[48;2;105;48;34m▀[38;2;94;43;30m[48;2;101;46;32m▀[38;2;77;34;24m[48;2;93;41;29m▌[38;2;89;40;28m[48;2;100;45;32m▀[38;2;90;41;29m[48;2;100;45;32m▀[38;2;87;39;27m[48;2;99;45;32m▀[38;2;76;34;24m[48;2;93;42;29m▌[38;2;89;40;28m[48;2;96;43;30m▀[38;2;86;38;27m[48;2;95;42;30m▀[38;2;86;39;27m[48;2;96;43;30m▀[38;2;74;33;24m[48;2;90;40;28m▌[38;2;87;39;28m[48;2;97;44;31m▛[38;2;81;36;26m[48;2;93;42;29m▀[38;2;84;38;27m[48;2;94;43;30m▀[38;2;73;33;23m[48;2;85;38;27m▌[38;2;80;36;25m[48;2;95;43;30m▀[38;2;93;42;30m[48;2;85;38;27m▖[38;2;81;36;26m[48;2;89;40;28m▀[38;2;72;32;23m[48;2;93;42;30m▛[38;2;80;36;25m[48;2;85;38;27m▘[38;2;82;37;26m[48;2;88;40;28m▀[38;2;77;34;24m[48;2;88;40;28m▀[38;2;66;30;21m[48;2;85;39;27m▌[38;2;78;35;25m[48;2;83;37;26m▀[38;2;77;35;25m[48;2;85;38;27m▀[38;2;76;34;24m[48;2;83;37;26m▀[38;2;68;31;22m[48;2;80;36;25m▌[38;2;76;34;24m[48;2;86;39;27m▀[38;2;71;31;22m[48;2;84;38;27m▀[38;2;75;34;24m[48;2;81;36;26m▀[38;2;68;31;22m[48;2;82;37;26m▛[38;2;75;34;24m[48;2;48;27;23m▛[38;2;71;32;22m[48;2;22;18;21m▘[38;2;25;20;22m[48;2;83;38;27m▛[38;2;37;21;20m[48;2;69;31;22m▘[38;2;68;30;21m[48;2;77;34;24m▀[38;2;70;32;22m[48;2;79;36;25m▀[38;2;66;30;21m[48;2;76;34;24m▀[38;2;59;27;19m[48;2;72;32;23m▌[38;2;67;30;21m[48;2;74;33;24m▀[38;2;43;24;18m[48;2;26;21;18m▀[38;2;44;25;19m[48;2;140;114;76m▀[38;2;43;24;19m[48;2;140;114;76m▀[38;2;42;24;18m[48;2;140;114;76m▀[38;2;42;23;18m[48;2;140;114;76m▀[38;2;42;24;18m[48;2;140;114;76m▀[38;2;41;23;18m[48;2;26;21;18m▀[38;2;42;47;58m[48;2;42;47;58m█████▀▀▀▀▀▀▀[38;2;43;47;58m[48;2;42;47;58m▀▀[38;2;43;48;58m[48;2;43;47;58m▀▀[38;2;44;48;58m[48;2;43;48;58m▀▀▀[38;2;45;49;58m[48;2;43;48;58m▀[38;2;45;49;58m[48;2;44;48;58m▀▀[38;2;45;49;59m[48;2;44;48;58m▀[38;2;17;19;24m[48;2;17;19;24m█[38;2;45;49;58m[48;2;44;48;58m▀▀▀[38;2;45;49;58m[48;2;43;48;58m▀[38;2;44;48;58m[48;2;43;48;58m▀▀[38;2;43;48;58m[48;2;43;48;58m▀[38;2;43;48;58m[48;2;43;47;58m▀[38;2;43;48;58m[48;2;42;47;58m▀[38;2;43;47;58m[48;2;42;47;58m▀[38;2;42;47;58m[48;2;42;47;58m▀▀▀▀▀▀▀▀████████████[0m
[38;2;100;44;31m[48;2;119;54;38m▀[38;2;105;47;33m[48;2;121;56;39m▛[38;2;101;45;32m[48;2;113;51;36m▀[38;2;115;52;37m[48;2;93;42;30m▖[38;2;102;46;33m[48;2;113;51;36m▀[38;2;100;45;32m[48;2;112;50;35m▀[38;2;101;46;32m[48;2;114;52;37m▀[38;2;112;51;36m[48;2;87;38;27m▖[38;2;99;45;32m[48;2;108;48;34m▀[38;2;96;43;31m[48;2;110;50;35m▀[38;2;112;51;36m[48;2;99;44;31m▖[38;2;115;53;37m[48;2;90;41;29m▖[38;2;97;44;31m[48;2;108;49;35m▀[38;2;90;40;28m[48;2;104;47;33m▀[38;2;92;41;29m[48;2;108;49;35m▀[38;2;104;47;33m[48;2;82;36;26m▖[38;2;93;42;30m[48;2;103;47;33m▘[38;2;90;40;28m[48;2;108;49;35m▀[38;2;87;38;27m[48;2;103;47;33m▘[38;2;98;45;31m[48;2;80;36;25m▌[38;2;90;40;28m[48;2;102;46;33m▀[38;2;92;42;29m[48;2;100;45;32m▀[38;2;88;40;28m[48;2;100;45;32m▀[38;2;95;43;30m[48;2;80;36;26m▌[38;2;100;45;32m[48;2;92;42;29m▖[38;2;87;39;28m[48;2;101;46;33m▀[38;2;88;40;28m[48;2;102;47;33m▀[38;2;93;42;30m[48;2;74;33;23m▌[38;2;82;36;26m[48;2;96;44;31m▀[38;2;84;37;27m[48;2;93;42;30m▀[38;2;83;37;26m[48;2;93;42;30m▀[38;2;94;43;30m[48;2;73;33;23m▌[38;2;84;38;27m[48;2;95;43;30m▀[38;2;81;36;26m[48;2;91;40;29m▀[38;2;82;36;26m[48;2;96;44;31m▛[38;2;91;41;29m[48;2;74;33;23m▖[38;2;93;43;30m[48;2;82;36;26m▖[38;2;79;35;25m[48;2;88;39;28m▀[38;2;79;36;25m[48;2;92;42;30m▀[38;2;90;41;29m[48;2;71;32;23m▖[38;2;76;34;24m[48;2;85;38;27m▀[38;2;78;35;25m[48;2;88;40;28m▀[38;2;76;33;24m[48;2;89;41;29m▛[38;2;84;38;27m[48;2;66;29;21m▌[38;2;73;32;23m[48;2;83;37;26m▀[38;2;77;35;25m[48;2;85;38;27m▀[38;2;72;32;23m[48;2;82;37;26m▝[38;2;83;37;26m[48;2;68;31;22m▖[38;2;76;35;24m[48;2;81;36;26m▀[38;2;74;33;23m[48;2;45;26;23m▌[38;2;15;17;21m[48;2;61;29;23m▀[38;2;48;27;23m[48;2;68;31;22m▘[38;2;72;33;23m[48;2;80;36;26m▀[38;2;71;32;23m[48;2;78;35;25m▀[38;2;69;31;22m[48;2;79;36;25m▀[38;2;70;31;22m[48;2;59;27;19m▌[38;2;70;31;22m[48;2;78;35;25m▛[38;2;67;30;21m[48;2;74;34;24m▝[38;2;66;29;21m[48;2;76;34;24m▀[38;2;26;21;18m[48;2;26;21;18m█[38;2;242;192;122m[48;2;225;172;106m▀▀▀▀▀[38;2;26;21;18m[48;2;26;21;18m█[38;2;42;47;58m[48;2;42;47;58m███████▀▀▀▀▀▀▀▀▀▀[38;2;43;47;58m[48;2;42;47;58m▀▀▀[38;2;43;48;58m[48;2;42;47;58m▀▀▀[38;2;17;19;24m[48;2;17;19;24m█[38;2;43;48;58m[48;2;42;47;58m▀▀▀[38;2;43;47;58m[48;2;42;47;58m▀▀▀[38;2;42;47;58m[48;2;42;47;58m▀▀▀▀▀▀▀▀▀▀██████████████[0m
[38;2;103;47;33m[48;2;117;53;38m▀[38;2;102;46;32m[48;2;112;50;36m▀[38;2;94;43;30m[48;2;111;49;35m▛[38;2;99;44;31m[48;2;115;52;37m▀[38;2;100;45;32m[48;2;116;53;37m▀[38;2;100;45;32m[48;2;115;53;37m▀[38;2;92;42;29m[48;2;112;51;36m▛[38;2;97;44;31m[48;2;113;52;36m▀[38;2;96;43;30m[48;2;109;49;35m▀[38;2;94;42;30m[48;2;108;48;34m▀[38;2;88;40;28m[48;2;108;49;34m▛[38;2;95;42;30m[48;2;108;49;34m▀[38;2;96;44;31m[48;2;104;46;33m▀[38;2;95;43;30m[48;2;100;45;32m▘[38;2;81;36;26m[48;2;102;47;33m▌[38;2;91;41;29m[48;2;105;47;33m▀[38;2;92;41;29m[48;2;101;45;32m▀[38;2;96;44;31m[48;2;104;47;33m▀[38;2;81;37;26m[48;2;101;46;33m▌[38;2;89;40;28m[48;2;104;47;33m▀[38;2;90;41;29m[48;2;101;46;32m▀[38;2;101;45;32m[48;2;92;41;29m▖[38;2;81;36;26m[48;2;105;48;34m▛[38;2;88;39;28m[48;2;98;44;31m▀[38;2;85;37;27m[48;2;99;45;32m▀[38;2;89;41;29m[48;2;100;46;32m▀[38;2;72;32;23m[48;2;90;40;28m▌[38;2;83;37;26m[48;2;97;44;31m▀[38;2;85;39;27m[48;2;91;40;29m▀[38;2;84;38;27m[48;2;97;44;31m▀[38;2;75;34;24m[48;2;96;44;31m▛[38;2;83;37;26m[48;2;92;41;29m▀[38;2;81;36;26m[48;2;94;43;30m▀[38;2;80;35;25m[48;2;93;42;30m▀[38;2;75;34;24m[48;2;92;42;29m▛[38;2;80;36;26m[48;2;92;42;29m▀[38;2;81;36;26m[48;2;89;40;28m▀[38;2;78;35;25m[48;2;89;40;28m▀[38;2;73;33;23m[48;2;88;40;28m▛[38;2;81;37;26m[48;2;91;42;29m▀[38;2;72;31;22m[48;2;86;39;28m▝[38;2;77;35;25m[48;2;86;39;27m▀[38;2;65;29;21m[48;2;79;35;25m▌[38;2;77;35;25m[48;2;85;38;27m▀[38;2;76;34;24m[48;2;85;39;27m▀[38;2;73;33;23m[48;2;82;36;26m▀[38;2;63;28;20m[48;2;75;33;24m▌[38;2;71;32;22m[48;2;83;38;27m▀[38;2;72;32;23m[48;2;80;36;25m▀[38;2;71;32;23m[48;2;83;38;27m▀[38;2;63;29;20m[48;2;78;36;25m▌[38;2;68;30;21m[48;2;77;34;24m▀[38;2;70;32;22m[48;2;81;37;26m▀[38;2;69;31;22m[48;2;77;34;24m▀[38;2;58;26;18m[48;2;74;33;24m▌[38;2;71;32;23m[48;2;77;35;25m▀[38;2;66;29;21m[48;2;75;34;24m▀[38;2;66;29;21m[48;2;74;33;23m▀[38;2;59;27;19m[48;2;69;31;22m▌[38;2;26;21;18m[48;2;26;21;18m█[38;2;208;152;90m[48;2;192;132;74m▀▀▀▀▀[38;2;26;21;18m[48;2;26;21;18m█[38;2;42;47;58m[48;2;42;47;58m██████████▀▀▀▀▀▀▀▀▀▀▀▀▀[38;2;17;19;24m[48;2;17;19;24m█[38;2;42;47;58m[48;2;42;47;58m▀▀▀▀▀▀▀▀▀▀▀▀▀█████████████████[0m
[38;2;93;41;29m[48;2;52;54;62m▀[38;2;105;48;34m[48;2;52;54;62m▀[38;2;103;47;33m[48;2;52;54;62m▀[38;2;102;46;32m[48;2;52;54;62m▀[38;2;96;44;31m[48;2;52;54;62m▀[38;2;99;44;31m[48;2;52;54;62m▀[38;2;98;44;31m[48;2;52;54;62m▀[38;2;99;45;32m[48;2;52;54;62m▀[38;2;86;38;27m[48;2;52;54;62m▀[38;2;98;44;31m[48;2;52;54;62m▀[38;2;95;42;30m[48;2;52;54;62m▀[38;2;96;43;31m[48;2;52;54;62m▀[38;2;86;38;27m[48;2;52;54;62m▀[38;2;95;43;30m[48;2;52;54;62m▀▀[38;2;97;44;31m[48;2;52;54;62m▀[38;2;87;39;28m[48;2;52;54;62m▀[38;2;91;41;29m[48;2;52;54;62m▀[38;2;90;40;29m[48;2;52;54;62m▀[38;2;93;43;30m[48;2;52;54;62m▀[38;2;84;38;27m[48;2;52;54;62m▀[38;2;93;43;30m[48;2;52;54;62m▀[38;2;90;41;29m[48;2;52;54;62m▀[38;2;83;37;26m[48;2;52;54;62m▀[38;2;79;35;25m[48;2;52;54;62m▀[38;2;86;38;27m[48;2;52;54;62m▀[38;2;85;38;27m[48;2;52;54;62m▀[38;2;86;39;28m[48;2;52;54;62m▀[38;2;80;36;25m[48;2;52;54;62m▀[38;2;86;39;28m[48;2;52;54;62m▀[38;2;84;38;27m[48;2;52;54;62m▀[38;2;83;37;26m[48;2;52;54;62m▀[38;2;77;35;25m[48;2;52;54;62m▀[38;2;83;38;27m[48;2;52;54;62m▀[38;2;81;37;26m[48;2;52;54;62m▀[38;2;80;36;26m[48;2;52;54;62m▀[38;2;73;33;23m[48;2;52;54;62m▀[38;2;79;36;25m[48;2;52;54;62m▀[38;2;78;35;25m[48;2;52;54;62m▀[38;2;75;33;24m[48;2;52;54;62m▀[38;2;73;33;23m[48;2;52;54;62m▀[38;2;76;34;24m[48;2;52;54;62m▀▀[38;2;74;33;23m[48;2;52;54;62m▀[38;2;72;33;23m[48;2;52;54;62m▀[38;2;77;36;25m[48;2;52;54;62m▀[38;2;73;33;23m[48;2;52;54;62m▀[38;2;74;34;24m[48;2;52;54;62m▀[38;2;67;30;21m[48;2;52;54;62m▀[38;2;74;34;24m[48;2;52;54;62m▀[38;2;72;33;23m[48;2;52;54;62m▀[38;2;70;31;22m[48;2;52;54;62m▀[38;2;66;30;21m[48;2;52;54;62m▀[38;2;69;31;22m[48;2;52;54;62m▀▀[38;2;70;32;22m[48;2;52;54;62m▀[38;2;64;29;21m[48;2;52;54;62m▀[38;2;66;29;21m[48;2;52;54;62m▀[38;2;66;30;21m[48;2;53;54;62m▀[38;2;26;21;18m[48;2;60;61;69m▀[38;2;175;112;58m[48;2;60;62;69m▀[38;2;175;112;58m[48;2;61;62;69m▀▀▀▀[38;2;26;21;18m[48;2;60;62;69m▀[38;2;42;47;58m[48;2;60;61;69m▀[38;2;42;47;58m[48;2;59;61;69m▀▀▀▀▀▀▀▀▀▀▀▀▀▀▀▀▀▀▀▀▀▀[38;2;17;19;24m[48;2;59;61;69m▀[38;2;42;47;58m[48;2;59;61;69m▀▀▀▀▀▀▀▀▀▀▀▀▀▀▀▀▀▀▀▀▀▀▀▀▀▀▀▀▀▀[0m
[38;2;52;54;62m[48;2;34;36;43m▀▀▀▀▀▀▀▀▀▀▀▀▀▀▀▀▀▀▀▀▀▀▀▀▀▀▀▀▀▀▀▀▀▀▀▀▀▀▀▀▀▀▀▀▀▀▀▀▀▀▀▀▀▀▀▀[38;2;52;54;62m[48;2;35;37;43m▀[38;2;53;54;62m[48;2;36;37;44m▀[38;2;54;55;62m[48;2;39;39;44m▀[38;2;55;56;62m[48;2;43;41;45m▀[38;2;57;57;63m[48;2;47;44;46m▀[38;2;58;57;63m[48;2;52;47;47m▀[38;2;59;58;63m[48;2;54;48;48m▀[38;2;59;58;63m[48;2;53;48;48m▀[38;2;57;57;63m[48;2;50;45;47m▀[38;2;56;56;63m[48;2;45;43;46m▀[38;2;54;55;62m[48;2;40;40;45m▀[38;2;53;55;62m[48;2;37;38;44m▀[38;2;52;54;62m[48;2;35;37;43m▀[38;2;52;54;62m[48;2;35;36;43m▀[38;2;52;54;62m[48;2;34;36;43m▀▀▀▀▀▀▀▀▀▀▀▀▀▀[38;2;53;54;62m[48;2;35;37;43m▀[38;2;54;55;62m[48;2;37;38;44m▀[38;2;56;56;62m[48;2;41;40;44m▀[38;2;59;58;63m[48;2;47;44;46m▀[38;2;61;59;63m[48;2;53;47;47m▀[38;2;62;60;63m[48;2;54;48;47m▀[38;2;60;59;63m[48;2;50;46;46m▀[38;2;57;57;63m[48;2;44;42;45m▀[38;2;55;55;62m[48;2;39;39;44m▀[38;2;53;55;62m[48;2;36;37;43m▀[38;2;52;54;62m[48;2;35;36;43m▀[38;2;52;54;62m[48;2;34;36;43m▀▀▀▀▀▀▀▀▀▀▀▀▀▀▀▀▀▀▀▀▀▀▀▀▀[0m
[38;2;34;36;43m[48;2;34;36;43m█████████████████████████████████████████████████████▛▛[38;2;34;36;43m[48;2;35;36;43m▛[38;2;35;37;43m[48;2;36;37;43m▛[38;2;36;38;44m[48;2;39;39;44m▛[38;2;39;39;44m[48;2;43;41;45m▀[38;2;42;41;45m[48;2;51;46;47m▀[38;2;47;44;46m[48;2;60;52;49m▀[38;2;51;46;47m[48;2;68;57;51m▀[38;2;53;48;48m[48;2;73;59;52m▀[38;2;53;47;47m[48;2;71;58;52m▀[38;2;49;45;47m[48;2;64;54;50m▀[38;2;45;42;45m[48;2;55;49;48m▀[38;2;40;40;44m[48;2;46;44;46m▀[38;2;41;41;45m[48;2;38;38;44m▖[38;2;37;38;44m[48;2;36;37;43m▖[38;2;35;37;43m[48;2;35;36;43m▖[38;2;34;36;43m[48;2;34;36;43m▖▖▖████████▌▌[38;2;34;36;43m[48;2;35;36;43m▌[38;2;35;37;43m[48;2;36;37;43m▌[38;2;39;39;44m[48;2;42;41;45m▛[38;2;45;43;45m[48;2;51;46;46m▛[38;2;55;48;47m[48;2;63;54;49m▛[38;2;61;52;48m[48;2;70;58;50m▀[38;2;63;53;49m[48;2;73;59;51m▀[38;2;58;50;48m[48;2;66;55;49m▀[38;2;57;50;48m[48;2;50;45;46m▖[38;2;46;43;45m[48;2;42;41;44m▖[38;2;38;38;44m[48;2;36;37;43m▌[38;2;35;37;43m[48;2;35;36;43m▌[38;2;34;36;43m[48;2;34;36;43m▌▌███████████████████████[0m
[38;2;34;36;43m[48;2;34;36;43m████████████████████████████████████████████████████▛▛▛[38;2;34;36;43m[48;2;35;37;43m▛[38;2;35;37;43m[48;2;37;38;44m▛[38;2;38;38;44m[48;2;41;40;45m▛[38;2;42;41;45m[48;2;50;45;47m▛[38;2;47;44;46m[48;2;58;51;49m▀[38;2;54;48;48m[48;2;72;59;52m▀[38;2;61;52;49m[48;2;84;66;55m▀[38;2;65;54;50m[48;2;91;70;56m▀[38;2;63;54;50m[48;2;89;69;56m▀[38;2;58;50;49m[48;2;79;63;53m▀[38;2;51;46;47m[48;2;65;55;50m▀[38;2;44;42;45m[48;2;52;47;47m▀[38;2;45;43;46m[48;2;40;39;44m▖[38;2;39;39;44m[48;2;36;37;44m▖[38;2;36;37;43m[48;2;35;37;43m▖[38;2;35;36;43m[48;2;34;36;43m▖[38;2;34;36;43m[48;2;34;36;43m▖▖████████▌▌[38;2;34;36;43m[48;2;35;37;43m▌[38;2;36;37;43m[48;2;38;38;44m▌[38;2;41;40;44m[48;2;45;43;45m▌[38;2;51;46;46m[48;2;58;50;48m▌[38;2;68;56;50m[48;2;79;63;52m▛[38;2;80;64;52m[48;2;90;69;54m▀[38;2;83;65;53m[48;2;93;72;55m▀[38;2;87;68;53m[48;2;76;61;51m▖[38;2;70;57;50m[48;2;60;52;48m▖[38;2;51;46;46m[48;2;45;43;45m▌[38;2;41;40;44m[48;2;38;38;44m▌[38;2;36;37;43m[48;2;35;37;43m▌[38;2;34;36;43m[48;2;34;36;43m▌▌▌██████████████████████[0m
[38;2;34;36;43m[48;2;34;36;43m████████████████████████████████████████████████████▛▛▛[38;2;35;36;43m[48;2;35;37;43m▛[38;2;36;37;43m[48;2;38;38;44m▛[38;2;39;39;44m[48;2;43;42;45m▛[38;2;45;43;46m[48;2;54;48;48m▛[38;2;53;47;47m[48;2;65;55;50m▀[38;2;63;53;50m[48;2;82;65;54m▀[38;2;72;59;52m[48;2;98;74;58m▀[38;2;77;62;53m[48;2;106;79;60m▀[38;2;76;61;53m[48;2;103;78;59m▀[38;2;68;56;51m[48;2;91;70;56m▀[38;2;58;50;49m[48;2;73;60;52m▀[38;2;61;52;49m[48;2;50;46;47m▖[38;2;48;44;46m[48;2;42;41;45m▖[38;2;40;40;44m[48;2;37;38;44m▖[38;2;36;37;44m[48;2;35;37;43m▖[38;2;35;36;43m[48;2;34;36;43m▖[38;2;34;36;43m[48;2;34;36;43m▖▖████████▌▌[38;2;35;36;43m[48;2;35;37;43m▌[38;2;37;38;44m[48;2;39;39;44m▌[38;2;43;41;45m[48;2;49;45;46m▌[38;2;57;50;48m[48;2;67;56;50m▌[38;2;78;63;52m[48;2;90;70;54m▌[38;2;101;76;56m[48;2;112;83;58m▛[38;2;104;78;57m[48;2;113;83;59m▀[38;2;104;78;57m[48;2;92;71;54m▖[38;2;78;63;52m[48;2;67;56;50m▌[38;2;57;50;48m[48;2;49;45;46m▌[38;2;43;41;45m[48;2;39;39;44m▌[38;2;37;38;44m[48;2;35;37;43m▌[38;2;35;36;43m[48;2;34;36;43m▌[38;2;34;36;43m[48;2;34;36;43m▌▌██████████████████████[0m
[38;2;34;36;43m[48;2;34;36;43m████████████████████████████████████████████████████▌▌▌[38;2;35;36;43m[48;2;35;37;43m▌[38;2;37;38;44m[48;2;38;39;44m▛[38;2;41;40;45m[48;2;45;42;46m▛[38;2;49;45;46m[48;2;57;50;48m▛[38;2;61;52;49m[48;2;74;60;52m▛[38;2;74;60;52m[48;2;89;69;56m▀[38;2;87;68;55m[48;2;107;80;60m▀[38;2;94;72;57m[48;2;116;85;62m▀[38;2;91;70;56m[48;2;113;83;62m▀[38;2;81;64;54m[48;2;99;75;58m▀[38;2;84;66;55m[48;2;69;57;51m▖[38;2;65;54;50m[48;2;54;48;48m▖[38;2;50;46;47m[48;2;44;42;45m▖[38;2;41;40;45m[48;2;38;39;44m▖[38;2;37;38;44m[48;2;36;37;43m▖[38;2;35;36;43m[48;2;34;36;43m▌[38;2;34;36;43m[48;2;34;36;43m▌▌████████▌▌[38;2;35;36;43m[48;2;36;37;43m▌[38;2;37;38;44m[48;2;40;40;44m▌[38;2;45;43;45m[48;2;52;47;47m▌[38;2;62;53;49m[48;2;75;60;51m▌[38;2;89;69;54m[48;2;103;77;57m▌[38;2;117;86;59m[48;2;128;92;62m▛[38;2;121;88;60m[48;2;129;93;62m▀[38;2;115;85;59m[48;2;103;77;57m▌[38;2;89;69;54m[48;2;75;60;51m▌[38;2;62;53;49m[48;2;52;47;47m▌[38;2;45;43;45m[48;2;40;40;44m▌[38;2;37;38;44m[48;2;36;37;43m▌[38;2;35;36;43m[48;2;34;36;43m▌[38;2;34;36;43m[48;2;34;36;43m▌▌██████████████████████[0m
[38;2;34;36;43m[48;2;34;36;43m████████████████████████████████████████████████████▌▌▌[38;2;35;36;43m[48;2;35;37;43m▌[38;2;36;37;44m[48;2;38;38;44m▌[38;2;40;40;44m[48;2;44;42;45m▌[38;2;48;44;46m[48;2;54;48;48m▌[38;2;61;52;49m[48;2;69;57;51m▌[38;2;78;63;53m[48;2;87;68;55m▌[38;2;95;73;57m[48;2;102;77;59m▌[38;2;105;78;60m[48;2;109;81;61m▀[38;2;108;81;60m[48;2;103;77;59m▖[38;2;95;73;57m[48;2;87;68;55m▌[38;2;78;63;53m[48;2;69;57;51m▌[38;2;61;52;49m[48;2;54;48;48m▌[38;2;48;44;46m[48;2;44;42;45m▌[38;2;40;40;44m[48;2;38;38;44m▌[38;2;36;37;44m[48;2;35;37;43m▌[38;2;35;36;43m[48;2;34;36;43m▌[38;2;34;36;43m[48;2;34;36;43m▌▌████████▌▌[38;2;35;37;43m[48;2;36;37;43m▌[38;2;38;38;44m[48;2;41;40;44m▌[38;2;47;44;46m[48;2;55;49;47m▌[38;2;67;56;49m[48;2;81;64;52m▌[38;2;98;74;56m[48;2;114;84;59m▌[38;2;131;94;62m[48;2;142;101;64m▛[38;2;136;97;63m[48;2;144;102;65m▀[38;2;128;93;62m[48;2;114;84;59m▌[38;2;98;74;56m[48;2;81;64;52m▌[38;2;67;56;49m[48;2;55;49;47m▌[38;2;47;44;46m[48;2;41;40;44m▌[38;2;38;38;44m[48;2;36;37;43m▌[38;2;35;37;43m[48;2;34;36;43m▌[38;2;34;36;43m[48;2;34;36;43m▌▌██████████████████████[0m
