[38;2;24;51;65m[48;2;41;50;59m▀▀▀▀▀▀▀▀▀▀▀▀▀▀▀▀[38;2;24;51;65m[48;2;39;51;60m▀[38;2;24;51;65m[48;2;30;56;71m▀▀▀▀▀▀▀▀▀▀▀▀▀[0m
[38;2;109;49;35m[48;2;117;53;37m▀[38;2;100;48;37m[48;2;36;44;53m▛[38;2;100;47;35m[48;2;38;44;53m▀[38;2;103;46;33m[48;2;111;50;35m▀[38;2;95;46;35m[48;2;36;44;53m▛[38;2;95;45;33m[48;2;37;44;53m▀[38;2;98;44;32m[48;2;103;46;33m▀[38;2;89;43;33m[48;2;36;44;53m▛[38;2;90;42;32m[48;2;37;44;53m▀[38;2;96;44;31m[48;2;92;41;29m▖[38;2;109;61;43m[48;2;246;220;164m▛[38;2;97;50;36m[48;2;244;219;165m▀[38;2;86;39;28m[48;2;85;38;27m▞[38;2;103;58;41m[48;2;246;220;164m▛[38;2;92;48;34m[48;2;244;219;165m▀[38;2;80;36;26m[48;2;78;35;25m▌[38;2;77;35;25m[48;2;42;63;74m▌[38;2;35;62;76m[48;2;41;68;81m▀▀▀▀▀▀▀▀▀▀▀▀▀[0m
[38;2;117;53;37m[48;2;107;49;34m▀[38;2;93;61;53m[48;2;105;48;34m▀[38;2;84;61;56m[48;2;104;48;34m▀[38;2;111;52;37m[48;2;102;46;33m▀[38;2;89;59;52m[48;2;101;46;33m▀[38;2;80;59;55m[48;2;99;45;32m▀[38;2;105;50;37m[48;2;98;45;32m▘[38;2;85;57;51m[48;2;96;44;31m▀[38;2;78;58;54m[48;2;94;43;30m▀[38;2;97;47;34m[48;2;92;42;30m▘[38;2;164;125;93m[48;2;91;41;29m▀[38;2;186;153;117m[48;2;89;41;29m▀[38;2;87;41;29m[48;2;48;27;24m▀[38;2;160;123;92m[48;2;59;31;25m▀[38;2;183;151;116m[48;2;58;30;25m▀[38;2;80;38;27m[48;2;56;30;24m▀[38;2;56;29;23m[48;2;49;77;89m▌[38;2;46;74;86m[48;2;52;80;92m▀▀▀▀▀▀▀▀▀▀▀▀▀[0m
[38;2;115;52;37m[48;2;114;51;36m▛[38;2;85;49;43m[48;2;34;43;52m▛[38;2;72;49;47m[48;2;34;43;52m▀[38;2;108;49;34m[48;2;105;47;33m▛[38;2;155;105;70m[48;2;252;227;169m▛[38;2;177;131;86m[48;2;252;228;172m▀[38;2;100;45;32m[48;2;98;44;31m▌[38;2;75;44;40m[48;2;34;43;52m▛[38;2;64;45;45m[48;2;34;43;52m▀[38;2;92;41;29m[48;2;93;42;30m▞[38;2;70;42;38m[48;2;34;43;52m▛[38;2;60;43;43m[48;2;34;43;52m▀[38;2;85;39;27m[48;2;83;38;27m▘[38;2;65;40;36m[48;2;34;43;52m▛[38;2;56;41;42m[48;2;28;36;44m▀[38;2;52;27;23m[48;2;69;32;24m▝[38;2;70;32;23m[48;2;60;89;100m▌[38;2;57;86;97m[48;2;62;92;102m▀▀▀▀▀▀▀▀▀▀▀▀▀[0m
[38;2;112;50;36m[48;2;113;51;36m▖[38;2;75;57;54m[48;2;110;50;35m▀[38;2;62;56;58m[48;2;106;48;34m▀[38;2;109;52;38m[48;2;105;47;33m▘[38;2;196;159;114m[48;2;102;46;32m▀[38;2;227;197;146m[48;2;100;45;32m▀[38;2;101;49;35m[48;2;98;44;31m▘[38;2;69;54;52m[48;2;95;43;30m▀[38;2;60;56;58m[48;2;93;42;30m▀[38;2;94;45;33m[48;2;89;40;28m▘[38;2;67;53;52m[48;2;87;39;28m▀[38;2;59;55;57m[48;2;83;37;26m▀[38;2;85;40;29m[48;2;33;22;22m▀[38;2;50;40;40m[48;2;52;28;23m▀[38;2;56;53;54m[48;2;54;28;23m▀[38;2;76;36;26m[48;2;52;27;23m▀[38;2;53;27;22m[48;2;71;101;110m▌[38;2;68;98;108m[48;2;73;104;113m▀▀▀▀▀▀▀▀[38;2;70;100;109m[48;2;53;66;77m▛[38;2;64;90;100m[48;2;45;52;63m▀[38;2;68;98;108m[48;2;73;104;113m▀▀▀[0m
[38;2;113;51;36m[48;2;110;49;35m▀[38;2;158;107;71m[48;2;252;227;169m▛[38;2;179;132;86m[48;2;252;228;172m▀[38;2;106;48;34m[48;2;104;47;33m▘[38;2;154;105;70m[48;2;252;227;169m▛[38;2;175;130;85m[48;2;252;228;172m▀[38;2;97;44;31m[48;2;95;43;30m▌[38;2;149;103;68m[48;2;252;227;169m▛[38;2;172;128;84m[48;2;252;228;172m▀[38;2;89;40;28m[48;2;86;39;27m▛[38;2;144;100;67m[48;2;252;227;169m▛[38;2;168;127;82m[48;2;252;228;172m▀[38;2;58;30;24m[48;2;80;36;25m▝[38;2;56;36;34m[48;2;27;33;41m▛[38;2;55;41;42m[48;2;30;38;47m▀[38;2;74;33;24m[48;2;72;32;23m▌[38;2;71;32;23m[48;2;76;97;104m▌[38;2;49;56;66m[48;2;75;97;105m▖[38;2;80;110;118m[48;2;53;61;70m▀[38;2;81;110;118m[48;2;44;48;58m▀[38;2;46;49;59m[48;2;86;109;114m▖[38;2;81;110;118m[48;2;112;121;118m▀[38;2;81;110;118m[48;2;117;127;122m▀[38;2;81;110;118m[48;2;115;126;122m▀[38;2;81;110;118m[48;2;113;125;123m▀[38;2;96;117;121m[48;2;79;82;79m▌[38;2;51;54;60m[48;2;46;50;59m▀[38;2;80;110;118m[48;2;105;118;118m▀[38;2;76;85;91m[48;2;81;102;109m▖[38;2;64;85;95m[48;2;42;47;58m▀[0m
[38;2;110;49;35m[48;2;108;49;34m▛[38;2;198;159;115m[48;2;106;48;34m▀[38;2;227;197;146m[48;2;105;47;33m▀[38;2;106;51;37m[48;2;101;46;32m▘[38;2;195;158;114m[48;2;98;44;31m▀[38;2;226;197;146m[48;2;96;43;31m▀[38;2;98;47;34m[48;2;94;43;30m▘[38;2;193;157;113m[48;2;91;41;29m▀[38;2;225;196;146m[48;2;89;40;28m▀[38;2;91;44;32m[48;2;86;39;27m▘[38;2;191;156;112m[48;2;84;38;27m▀[38;2;224;196;145m[48;2;81;36;26m▀[38;2;81;38;27m[48;2;44;25;23m▀[38;2;64;52;51m[48;2;54;29;23m▀[38;2;54;51;52m[48;2;52;27;23m▀[38;2;59;30;24m[48;2;34;22;21m▛[38;2;47;25;22m[48;2;42;47;58m▌[38;2;52;54;60m[48;2;42;47;58m▝[38;2;53;55;60m[48;2;45;49;58m▘[38;2;50;52;59m[48;2;62;59;61m▛[38;2;77;70;64m[48;2;105;92;77m▌[38;2;99;89;78m[48;2;125;103;77m▘[38;2;127;112;92m[48;2;113;94;70m▛[38;2;131;118;102m[48;2;113;91;69m▀[38;2;122;114;105m[48;2;74;67;63m▀[38;2;134;128;118m[48;2;56;58;64m▘[38;2;68;66;64m[48;2;62;62;61m▞[38;2;42;47;58m[48;2;51;55;63m▖[38;2;49;53;62m[48;2;42;47;58m▛[38;2;42;47;58m[48;2;42;47;58m█[0m
[38;2;108;49;34m[48;2;105;47;33m▛[38;2;81;46;40m[48;2;42;43;50m▌[38;2;58;46;49m[48;2;36;43;51m▝[38;2;102;46;33m[48;2;100;45;32m▀[38;2;76;43;38m[48;2;41;43;50m▌[38;2;56;45;48m[48;2;36;43;51m▝[38;2;94;42;30m[48;2;93;42;30m▘[38;2;71;41;37m[48;2;40;42;50m▌[38;2;53;44;47m[48;2;35;42;51m▝[38;2;85;38;27m[48;2;84;38;27m▌[38;2;66;39;35m[48;2;39;42;50m▌[38;2;50;42;46m[48;2;35;42;51m▝[38;2;78;35;25m[48;2;76;34;24m▌[38;2;61;37;34m[48;2;38;42;49m▌[38;2;44;43;49m[48;2;28;34;42m▀[38;2;49;26;22m[48;2;63;30;22m▝[38;2;64;29;22m[48;2;42;47;58m▌[38;2;43;47;58m[48;2;42;47;58m▝[38;2;47;50;59m[48;2;44;48;58m▝[38;2;63;60;61m[48;2;51;52;59m▝[38;2;100;83;67m[48;2;70;65;62m▝[38;2;147;115;75m[48;2;88;75;65m▀[38;2;143;110;73m[48;2;77;65;53m▝[38;2;116;93;69m[48;2;80;71;64m▀[38;2;84;73;64m[48;2;61;59;61m▘[38;2;54;55;60m[48;2;47;50;59m▘[38;2;65;64;63m[48;2;43;48;58m▝[38;2;42;47;58m[48;2;42;47;58m▘▘█[0m
[38;2;109;49;35m[48;2;106;48;34m▘[38;2;87;58;51m[48;2;104;47;33m▀[38;2;80;59;55m[48;2;101;45;32m▀[38;2;104;50;36m[48;2;98;44;31m▘[38;2;83;56;50m[48;2;97;44;31m▀[38;2;77;57;54m[48;2;93;42;30m▀[38;2;96;47;34m[48;2;91;41;29m▘[38;2;80;54;49m[48;2;87;39;28m▀[38;2;74;56;53m[48;2;85;38;27m▀[38;2;88;42;31m[48;2;82;37;26m▘[38;2;76;53;48m[48;2;80;36;25m▀[38;2;71;55;52m[48;2;78;35;25m▀[38;2;76;36;26m[48;2;51;27;22m▛[38;2;53;39;37m[48;2;67;31;23m▀[38;2;66;51;48m[48;2;60;29;21m▀[38;2;71;33;24m[48;2;163;125;81m▀[38;2;96;74;49m[48;2;50;41;46m▖[38;2;42;47;58m[48;2;42;47;58m▝[38;2;43;47;58m[48;2;42;47;58m▝[38;2;45;49;58m[48;2;43;47;58m▝[38;2;48;51;59m[48;2;43;47;58m▀[38;2;53;54;60m[48;2;43;48;58m▀[38;2;33;35;42m[48;2;49;52;59m▌[38;2;52;53;59m[48;2;43;48;58m▀[38;2;46;50;59m[48;2;43;47;58m▀[38;2;44;48;58m[48;2;42;47;58m▘[38;2;42;47;58m[48;2;42;47;58m▘▘██[0m
[38;2;91;49;40m[48;2;39;41;48m▀[38;2;90;48;40m[48;2;39;41;48m▀[38;2;86;46;39m[48;2;39;41;48m▀[38;2;85;46;38m[48;2;39;41;48m▀[38;2;83;45;38m[48;2;39;41;48m▀[38;2;81;44;37m[48;2;39;41;48m▀[38;2;79;43;36m[48;2;39;41;48m▀[38;2;77;42;36m[48;2;39;41;48m▀[38;2;75;42;35m[48;2;39;41;48m▀[38;2;73;41;35m[48;2;39;41;48m▀[38;2;71;40;34m[48;2;39;41;48m▀[38;2;70;39;33m[48;2;39;41;48m▀[38;2;68;38;33m[48;2;39;41;48m▀[38;2;66;38;32m[48;2;39;41;48m▀[38;2;56;35;31m[48;2;43;43;49m▀[38;2;159;115;73m[48;2;57;52;52m▀[38;2;97;73;52m[48;2;48;48;54m▘[38;2;46;51;61m[48;2;39;41;48m▀▀▀▀[38;2;46;51;61m[48;2;46;45;49m▀[38;2;37;40;48m[48;2;54;52;55m▘[38;2;46;51;61m[48;2;41;42;48m▀[38;2;46;51;61m[48;2;39;41;48m▀▀▀▀▀▀[0m
[38;2;34;36;43m[48;2;34;36;43m█████████████[38;2;34;36;43m[48;2;35;36;43m▌[38;2;39;39;44m[48;2;54;48;48m▌[38;2;82;65;54m[48;2;104;78;60m▛[38;2;75;61;53m[48;2;49;45;46m▌[38;2;37;38;44m[48;2;34;36;43m▌[38;2;34;36;43m[48;2;34;36;43m▌█[38;2;34;36;43m[48;2;35;36;43m▌[38;2;43;41;45m[48;2;77;62;51m▌[38;2;130;93;62m[48;2;91;70;54m▖[38;2;48;45;46m[48;2;35;37;43m▌[38;2;34;36;43m[48;2;34;36;43m▌█████[0m
